    0.112423016014226475E-01   -0.388888120651245117E-01    0.192687988281250000E+00    0.844246566295623779E+00    0.194444060325622559E-01
    0.110217845844878190E-01   -0.392690896987915039E-01    0.195114135742187500E+00    0.295724630355834961E+00    0.196345448493957520E-01
    0.112120129502759104E-01   -0.113493204116821289E+00    0.809763193130493164E+00    0.640228092670440674E+00    0.567466020584106445E-01
    0.114633849837307376E-01   -0.197837710380554199E+00    0.113625824451446533E+00    0.856864452362060547E-02    0.989188551902770996E-01
    0.113028466482725364E-01   -0.209630846977233887E+00    0.315563082695007324E+00    0.898424386978149414E+00    0.104815423488616943E+00
    0.112793492536668281E-01   -0.245468735694885254E+00    0.742538213729858398E+00    0.730435967445373535E+00    0.122734367847442627E+00
    0.113132064378049374E-01   -0.291463136672973633E+00    0.792467594146728516E+00    0.988518536090850830E+00    0.145731568336486816E+00
    0.117197081789867028E-01   -0.402065396308898926E+00    0.478375256061553955E+00    0.975360631942749023E+00    0.201032698154449463E+00
    0.116790664509303817E-01   -0.435117721557617188E+00    0.601953685283660889E+00    0.246924459934234619E+00    0.217558860778808594E+00
    0.120086604335619806E-01   -0.530777812004089355E+00    0.328023493289947510E+00    0.698348879814147949E-01    0.265388906002044678E+00
    0.118019724076943739E-01   -0.536054968833923340E+00    0.533676564693450928E+00    0.173449337482452393E+00    0.268027484416961670E+00
    0.116916738663763748E-01   -0.557275533676147461E+00    0.690057277679443359E+00    0.265559911727905273E+00    0.278637766838073730E+00
    0.120273774384588410E-01   -0.653892636299133301E+00    0.342001974582672119E+00    0.178228139877319336E+00    0.326946318149566650E+00
    0.119407629543239156E-01   -0.679437637329101562E+00    0.409004390239715576E+00    0.213633120059967041E+00    0.339718818664550781E+00
    0.117822884602552316E-01   -0.692716479301452637E+00    0.685877144336700439E+00    0.328581035137176514E+00    0.346358239650726318E+00
    0.117269630670933517E-01   -0.723303079605102539E+00    0.473045110702514648E+00    0.239941239356994629E+00    0.361651539802551270E+00
    0.116970148444403878E-01   -0.758188962936401367E+00    0.465460062026977539E+00    0.154245674610137939E+00    0.379094481468200684E+00
    0.114702091470041002E-01   -0.759027957916259766E+00    0.993271708488464355E+00    0.203460335731506348E+00    0.379513978958129883E+00
    0.112553406240711168E-01   -0.761207103729248047E+00    0.388077139854431152E+00    0.472050309181213379E-01    0.380603551864624023E+00
    0.114073655514732135E-01   -0.828040122985839844E+00    0.331421375274658203E+00    0.379846692085266113E+00    0.414020061492919922E+00
    0.113568423351503075E-01   -0.859162449836730957E+00    0.667601764202117920E+00    0.837796509265899658E+00    0.429581224918365479E+00
    0.111926779704345381E-01   -0.870041251182556152E+00    0.324334025382995605E+00    0.483899533748626709E+00    0.435020625591278076E+00
    0.109895992801717392E-01   -0.873420238494873047E+00    0.356548368930816650E+00    0.262900531291961670E+00    0.436710119247436523E+00
    0.110221327469728087E-01   -0.919332265853881836E+00    0.912495374679565430E+00    0.148296356201171875E-01    0.459666132926940918E+00
    0.108204959173417090E-01   -0.922405838966369629E+00    0.265192568302154541E+00    0.728423237800598145E+00    0.461202919483184814E+00
    0.106215613871963408E-01   -0.925293684005737305E+00    0.842109799385070801E+00    0.347010493278503418E-01    0.462646842002868652E+00
    0.105558192062532603E-01   -0.952876210212707520E+00    0.900752305984497070E+00    0.670497894287109375E+00    0.476438105106353760E+00
    0.103972417389615237E-01   -0.962602734565734863E+00    0.249368965625762939E+00    0.163098692893981934E+00    0.481301367282867432E+00
    0.102221698176986654E-01   -0.968639373779296875E+00    0.949895381927490234E-02    0.568846464157104492E-01    0.484319686889648438E+00
    0.100636853731413262E-01   -0.977388501167297363E+00    0.269234180450439453E+00    0.792993605136871338E+00    0.488694250583648682E+00
    0.999650373578249950E-02   -0.100399243831634521E+01    0.485513329505920410E+00    0.493575274944305420E+00    0.501996219158172607E+00
    0.990231845480857471E-02   -0.102505946159362793E+01    0.484824299812316895E+00    0.607954502105712891E+00    0.512529730796813965E+00
    0.971186963037891891E-02   -0.102621924877166748E+01    0.671248257160186768E+00    0.648085594177246094E+00    0.513109624385833740E+00
    0.954342621840844653E-02   -0.103122675418853760E+01    0.283606052398681641E-01    0.931577622890472412E+00    0.515613377094268799E+00
    0.940365541265415252E-02   -0.104171860218048096E+01    0.793140172958374023E+00    0.987456321716308594E+00    0.520859301090240479E+00
    0.923628737860927515E-02   -0.104580163955688477E+01    0.966386377811431885E+00    0.375301539897918701E+00    0.522900819778442383E+00
    0.917113435766856236E-02   -0.107164359092712402E+01    0.224717080593109131E+00    0.723885536193847656E+00    0.535821795463562012E+00
    0.934102987407642651E-02   -0.114835464954376221E+01    0.315602660179138184E+00    0.449339628219604492E+00    0.574177324771881104E+00
    0.924708290597754667E-02   -0.116813790798187256E+01    0.517812907695770264E+00    0.628126621246337891E+00    0.584068953990936279E+00
    0.912930043916982195E-02   -0.118249976634979248E+01    0.142956852912902832E+00    0.159485697746276855E+00    0.591249883174896240E+00
    0.897164828183501933E-02   -0.118766045570373535E+01    0.366152942180633545E+00    0.688180208206176758E+00    0.593830227851867676E+00
    0.884429189520020975E-02   -0.119906616210937500E+01    0.974760651588439941E-01    0.884692251682281494E+00    0.599533081054687500E+00
    0.868748637606653502E-02   -0.120328891277313232E+01    0.682503044605255127E+00    0.503352940082550049E+00    0.601644456386566162E+00
    0.856776178426216402E-02   -0.121553468704223633E+01    0.613151192665100098E+00    0.494422435760498047E+00    0.607767343521118164E+00
    0.849080891933259689E-02   -0.123749017715454102E+01    0.657733082771301270E-01    0.769965648651123047E+00    0.618745088577270508E+00
    0.835911018321836875E-02   -0.124622559547424316E+01    0.217481851577758789E+00    0.446087837219238281E+00    0.623112797737121582E+00
    0.830155983428259095E-02   -0.127240848541259766E+01    0.875902593135833740E+00    0.805824697017669678E+00    0.636204242706298828E+00
    0.819584076625417407E-02   -0.128677523136138916E+01    0.592919766902923584E+00    0.373320579528808594E-01    0.643387615680694580E+00
    0.811172390564984802E-02   -0.130614244937896729E+01    0.649876296520233154E+00    0.691849350929260254E+00    0.653071224689483643E+00
    0.797748958456842572E-02   -0.131276917457580566E+01    0.674576818943023682E+00    0.627198040485382080E+00    0.656384587287902832E+00
    0.783850364137343887E-02   -0.131761753559112549E+01    0.249130845069885254E+00    0.425254583358764648E+00    0.658808767795562744E+00
    0.785855001720362802E-02   -0.136272585391998291E+01    0.783978939056396484E+00    0.456164479255676270E-01    0.681362926959991455E+00
    0.774706934174001095E-02   -0.137415087223052979E+01    0.267106890678405762E+00    0.401604115962982178E+00    0.687075436115264893E+00
    0.767457230859045717E-02   -0.139534676074981689E+01    0.902169644832611084E+00    0.297239840030670166E+00    0.697673380374908447E+00
    0.759630435527808810E-02   -0.141484534740447998E+01    0.233286678791046143E+00    0.469682872295379639E+00    0.707422673702239990E+00
    0.748557532796311799E-02   -0.142547738552093506E+01    0.141923666000366211E+00    0.413444459438323975E+00    0.712738692760467529E+00
    0.735920325863494672E-02   -0.143142497539520264E+01    0.753403484821319580E+00    0.359793722629547119E+00    0.715712487697601318E+00
    0.721413483493729083E-02   -0.143160617351531982E+01    0.372906863689422607E+00    0.455456197261810303E+00    0.715803086757659912E+00
    0.711668497603192615E-02   -0.144440567493438721E+01    0.522372245788574219E+00    0.762175977230072021E+00    0.722202837467193604E+00
    0.701406170292711000E-02   -0.145535552501678467E+01    0.646819651126861572E+00    0.735680818557739258E+00    0.727677762508392334E+00
    0.688175469938353927E-02   -0.145726895332336426E+01    0.548873186111450195E+00    0.284961044788360596E+00    0.728634476661682129E+00
    0.676265660014184651E-02   -0.146235322952270508E+01    0.622418701648712158E+00    0.893953621387481689E+00    0.731176614761352539E+00
    0.671849892058652004E-02   -0.148925113677978516E+01    0.178454160690307617E+00    0.581351041793823242E+00    0.744625568389892578E+00
    0.660920704096487361E-02   -0.149644899368286133E+01    0.242421030998229980E+00    0.153886914253234863E+00    0.748224496841430664E+00
    0.653969218657534171E-02   -0.151530182361602783E+01    0.352797150611877441E+00    0.654336392879486084E+00    0.757650911808013916E+00
    0.641611298291963270E-02   -0.151714658737182617E+01    0.484837949275970459E+00    0.222707152366638184E+00    0.758573293685913086E+00
    0.632173033622033306E-02   -0.152750754356384277E+01    0.199723124504089355E+00    0.973737061023712158E+00    0.763753771781921387E+00
    0.625760935594585257E-02   -0.154711806774139404E+01    0.640453755855560303E+00    0.343298733234405518E+00    0.773559033870697021E+00
    0.613648175022332969E-02   -0.154802477359771729E+01    0.793343842029571533E+00    0.724816918373107910E+00    0.774012386798858643E+00
    0.608545162619018604E-02   -0.157132351398468018E+01    0.682379662990570068E+00    0.473172068595886230E-01    0.785661756992340088E+00
    0.602527416057522299E-02   -0.159144759178161621E+01    0.691917896270751953E+00    0.694518983364105225E+00    0.795723795890808105E+00
    0.592451367639466441E-02   -0.159771883487701416E+01    0.440010547637939453E+00    0.309037566184997559E+00    0.798859417438507080E+00
    0.581009832771502144E-02   -0.159871661663055420E+01    0.157561898231506348E+00    0.482702255249023438E-02    0.799358308315277100E+00
    0.572025454172982780E-02   -0.160754823684692383E+01    0.261104881763458252E+00    0.433899700641632080E+00    0.803774118423461914E+00
    0.563347870210899760E-02   -0.161697590351104736E+01    0.986230075359344482E+00    0.338847160339355469E+00    0.808487951755523682E+00
    0.634192267688471738E-02   -0.185401892662048340E+01    0.468599855899810791E+00    0.432128727436065674E+00    0.927009463310241699E+00
    0.672855811034432389E-02   -0.197237670421600342E+01    0.695408046245574951E+00    0.741779744625091553E+00    0.986188352108001709E+00
    0.586356493027964231E-02   -0.169717049598693848E+01    0.501091480255126953E-01    0.499024331569671631E+00    0.848585247993469238E+00
    0.613421393292149127E-02   -0.178741884231567383E+01    0.808324575424194336E+00    0.361665070056915283E+00    0.893709421157836914E+00
    0.671546884756343485E-02   -0.196848225593566895E+01    0.755402386188507080E+00    0.378622114658355713E+00    0.984241127967834473E+00
    0.604466632300228613E-02   -0.175800752639770508E+01    0.279370784759521484E+00    0.757842838764190674E+00    0.879003763198852539E+00
    0.671862574301906185E-02   -0.196942222118377686E+01    0.469184815883636475E+00    0.292135596275329590E+00    0.984711110591888428E+00
    0.589810205841733489E-02   -0.170891618728637695E+01    0.402095377445220947E+00    0.862530469894409180E-01    0.854458093643188477E+00
    0.655373066504499717E-02   -0.191972386837005615E+01    0.264292359352111816E+00    0.365817725658416748E+00    0.959861934185028076E+00
    0.598800482892006877E-02   -0.173917150497436523E+01    0.126887559890747070E+00    0.675540745258331299E+00    0.869585752487182617E+00
    0.597645379099547621E-02   -0.173530972003936768E+01    0.881024360656738281E+00    0.718055725097656250E+00    0.867654860019683838E+00
    0.605101003619799242E-02   -0.176010537147521973E+01    0.815276861190795898E+00    0.719022154808044434E-01    0.880052685737609863E+00
    0.583533165818129682E-02   -0.168751716613769531E+01    0.237381339073181152E+00    0.545596361160278320E+00    0.843758583068847656E+00
    0.585352623094225182E-02   -0.169374346733093262E+01    0.937015652656555176E+00    0.322305500507354736E+00    0.846871733665466309E+00
    0.577060019073493986E-02   -0.166520714759826660E+01    0.124900817871093750E+00    0.846972763538360596E+00    0.832603573799133301E+00
    0.589323855350643109E-02   -0.170726633071899414E+01    0.525760650634765625E-02    0.294089615345001221E+00    0.853633165359497070E+00
    0.678368611688407851E-02   -0.198869621753692627E+01    0.640326380729675293E+00    0.181757032871246338E+00    0.994348108768463135E+00
    0.649265526166899285E-02   -0.190099811553955078E+01    0.909715056419372559E+00    0.341998875141143799E+00    0.950499057769775391E+00
    0.630854463539094138E-02   -0.184346497058868408E+01    0.192143678665161133E+00    0.632773041725158691E+00    0.921732485294342041E+00
    0.610262488311342707E-02   -0.177709293365478516E+01    0.160427689552307129E+00    0.142753005027770996E+00    0.888546466827392578E+00
    0.661721832303206227E-02   -0.193900513648986816E+01    0.171704292297363281E-01    0.998942136764526367E+00    0.969502568244934082E+00
    0.658872366925983104E-02   -0.193037426471710205E+01    0.822478592395782471E+00    0.853686630725860596E+00    0.965187132358551025E+00
    0.655043338214908975E-02   -0.191871738433837891E+01    0.222477316856384277E-01    0.218143165111541748E+00    0.959358692169189453E+00
    0.611995569500197161E-02   -0.178276467323303223E+01    0.910183310508728027E+00    0.690640985965728760E+00    0.891382336616516113E+00
    0.660747512167209061E-02   -0.193605816364288330E+01    0.836730599403381348E+00    0.497437059879302979E+00    0.968029081821441650E+00
    0.665208124333950459E-02   -0.194951450824737549E+01    0.138461709022521973E+00    0.442217171192169189E+00    0.974757254123687744E+00
    0.652463042856432033E-02   -0.191082358360290527E+01    0.449854314327239990E+00    0.672494769096374512E-01    0.955411791801452637E+00
    0.678896965202776311E-02   -0.199025332927703857E+01    0.624002516269683838E+00    0.625661075115203857E+00    0.995126664638519287E+00
    0.634287873129507195E-02   -0.185432040691375732E+01    0.794655740261077881E+00    0.953417956829071045E+00    0.927160203456878662E+00
    0.650374121209283673E-02   -0.190441012382507324E+01    0.251967906951904297E+00    0.487615644931793213E+00    0.952205061912536621E+00
    0.649849915351363629E-02   -0.190279746055603027E+01    0.699246942996978760E+00    0.483054697513580322E+00    0.951398730278015137E+00
    0.577885859658298744E-02   -0.166806733608245850E+01    0.518284559249877930E+00    0.648094952106475830E+00    0.834033668041229248E+00
    0.678234343929058105E-02   -0.198830032348632812E+01    0.502107679843902588E+00    0.171062469482421875E+00    0.994150161743164062E+00
    0.653633664426093650E-02   -0.191440868377685547E+01    0.835135221481323242E+00    0.319983363151550293E-01    0.957204341888427734E+00
    0.630652761832254261E-02   -0.184282541275024414E+01    0.110318005084991455E+00    0.679929614067077637E+00    0.921412706375122070E+00
    0.601609136808660318E-02   -0.174853050708770752E+01    0.746443808078765869E+00    0.694125890731811523E+00    0.874265253543853760E+00
    0.584826513122835984E-02   -0.169194507598876953E+01    0.195616066455841064E+00    0.771049261093139648E+00    0.845972537994384766E+00
    0.675649436364235932E-02   -0.198066329956054688E+01    0.152526617050170898E+00    0.943788826465606689E+00    0.990331649780273438E+00
    0.569784647465152241E-02   -0.163983154296875000E+01    0.794158458709716797E+00    0.883099913597106934E+00    0.819915771484375000E+00
    0.593231007923074750E-02   -0.172048234939575195E+01    0.870706737041473389E+00    0.137950778007507324E+00    0.860241174697875977E+00
    0.599091723239185674E-02   -0.174014401435852051E+01    0.583075046539306641E+00    0.735287666320800781E+00    0.870072007179260254E+00
    0.584443997872948103E-02   -0.169063651561737061E+01    0.145468533039093018E+00    0.687031388282775879E+00    0.845318257808685303E+00
    0.641192316728970545E-02   -0.187597346305847168E+01    0.361916482448577881E+00    0.952718257904052734E+00    0.937986731529235840E+00
    0.602097048716473352E-02   -0.175015187263488770E+01    0.685024261474609375E-01    0.712769091129302979E+00    0.875075936317443848E+00
    0.665164392379691619E-02   -0.194938302040100098E+01    0.628962934017181396E+00    0.529934883117675781E+00    0.974691510200500488E+00
    0.648101916462034012E-02   -0.189741051197052002E+01    0.131346821784973145E+00    0.920779645442962646E+00    0.948705255985260010E+00
    0.603681997613476386E-02   -0.175540971755981445E+01    0.397874414920806885E+00    0.528353929519653320E+00    0.877704858779907227E+00
    0.673667751702743730E-02   -0.197478866577148438E+01    0.292617678642272949E-01    0.769246697425842285E+00    0.987394332885742188E+00
    0.581420142105722529E-02   -0.168026185035705566E+01    0.254452288150787354E+00    0.913259863853454590E+00    0.840130925178527832E+00
    0.628385706231687682E-02   -0.183562290668487549E+01    0.544132292270660400E+00    0.477488994598388672E+00    0.917811453342437744E+00
