    0.140867720522584072E+01    0.765134861281665302E+00    0.897795246679590209E+00   -0.144294906619954588E+00    0.154156045040743961E+01    0.511378158556473039E+01    0.428148206449230884E+01
    0.141424963742396592E+01    0.759729830123898497E+00    0.893129837640468383E+00   -0.122354050816927185E+00    0.154528256611973314E+01    0.507424469408007983E+01    0.475744853163899961E+01
    0.141252372397103798E+01    0.764287476529142418E+00    0.890769572500318407E+00   -0.134919114439851384E+00    0.154604217340898265E+01    0.508638700341632166E+01    0.556475807982366177E+01
    0.141700267056465101E+01    0.759679169941702037E+00    0.888776358516286002E+00   -0.121918356923591986E+00    0.154693544933963079E+01    0.506960586386307011E+01    0.567863477917626369E+01
    0.141297259148642596E+01    0.764543909459287740E+00    0.890915134277640131E+00   -0.128374360096351836E+00    0.154525293580234724E+01    0.508329625090663484E+01    0.596866279604716965E+01
    0.140892028199433028E+01    0.762957012556596648E+00    0.898043031143764714E+00   -0.138539548895701969E+00    0.154324550052200182E+01    0.509918674260462268E+01    0.622827665950705978E+01
    0.141228969542783034E+01    0.768760604561266270E+00    0.896349207183177787E+00   -0.156796529262052786E+00    0.153955719421096737E+01    0.513568485514323037E+01    0.631900738994607991E+01
    0.141694485465808739E+01    0.763324357586524727E+00    0.892096882320846607E+00   -0.142939603569008256E+00    0.154359749409086255E+01    0.510393359864840690E+01    0.670414627557119047E+01
    0.140985243797061344E+01    0.766426682454409147E+00    0.898964210040207101E+00   -0.145584663367966272E+00    0.153967728333384213E+01    0.512132619113961418E+01    0.672447830608933828E+01
    0.141378123164724379E+01    0.764258247594316598E+00    0.889514440670405748E+00   -0.132090115769123884E+00    0.154589507130684511E+01    0.508389260304635826E+01    0.698537883069008103E+01
    0.141259858879856282E+01    0.762156050253521400E+00    0.891013734539319979E+00   -0.123727401078607357E+00    0.154580917772246984E+01    0.507565711479334514E+01    0.703322962149638897E+01
    0.141694756116406850E+01    0.762521106880308830E+00    0.891630593932897231E+00   -0.134998014682656375E+00    0.154355830474694544E+01    0.509634290327400308E+01    0.708302817032898702E+01
    0.141449802708625327E+01    0.767095304015915747E+00    0.892006916539028527E+00   -0.146434073900564954E+00    0.154170540589405847E+01    0.511635825313333381E+01    0.709892223722675908E+01
    0.141210033941771229E+01    0.764963188846147668E+00    0.896051936920990055E+00   -0.139894800409303244E+00    0.154217148837222484E+01    0.510463164687807947E+01    0.711410651796376214E+01
    0.140602913786082695E+01    0.767538794312269235E+00    0.899347418072583671E+00   -0.142584351756774197E+00    0.154141963828292616E+01    0.511282686044660206E+01    0.717612492250071909E+01
    0.141282838211411743E+01    0.765495506710601514E+00    0.895321032024240404E+00   -0.148164544951001176E+00    0.154222319298186439E+01    0.511639007841538174E+01    0.719972235943276928E+01
    0.141470709486234014E+01    0.764445418125782261E+00    0.889096039808413341E+00   -0.128491374665637537E+00    0.154465201697372900E+01    0.508497622834970553E+01    0.726678592281871261E+01
    0.141313479703681288E+01    0.765152715464828770E+00    0.891326134422385952E+00   -0.135704222850845824E+00    0.154489353889194003E+01    0.509241257307581385E+01    0.731696816720682364E+01
    0.140977475840751154E+01    0.763218069821668288E+00    0.896230371065387832E+00   -0.123993502757166141E+00    0.154281363873248267E+01    0.508589576236573659E+01    0.733568264561631622E+01
    0.141165993626931652E+01    0.763224470314232128E+00    0.894948944149810854E+00   -0.135378081584638821E+00    0.154493468594985472E+01    0.509058897693046486E+01    0.734893402204653512E+01
    0.141644915214801159E+01    0.765521738623917147E+00    0.889362676976643174E+00   -0.141519271264304081E+00    0.154403563763249596E+01    0.510061248735777273E+01    0.742057856280831629E+01
    0.140968447523832552E+01    0.761966417541274255E+00    0.894315342013447423E+00   -0.127324411038022944E+00    0.154547083399701402E+01    0.508003209697835967E+01    0.742723416389122804E+01
    0.140934598068386663E+01    0.768343948779788399E+00    0.895534242097810740E+00   -0.144678310457482695E+00    0.154152766932811724E+01    0.511489930390051128E+01    0.761115862618282790E+01
    0.141122843472795267E+01    0.765171240229215566E+00    0.894742595829734588E+00   -0.136263626189437659E+00    0.154195130418380044E+01    0.510410481443545017E+01    0.777255395630953672E+01
    0.141303879827913548E+01    0.765732377373634643E+00    0.894305816710505463E+00   -0.142199716567080969E+00    0.154305522537127060E+01    0.510597828808875853E+01    0.779733030165704122E+01
    0.141073091274109075E+01    0.769195932121050419E+00    0.895243816223626587E+00   -0.146745109468763957E+00    0.154097012648546183E+01    0.511857448594919084E+01    0.801114210770009549E+01
    0.141825927095206872E+01    0.763883272792182266E+00    0.887291850224098844E+00   -0.131742473287125961E+00    0.154528222887044064E+01    0.508535503418842616E+01    0.804447581992218375E+01
    0.141486988773839428E+01    0.761186372727594596E+00    0.889578029650973878E+00   -0.127911714747867222E+00    0.154681064018221437E+01    0.507557081510657326E+01    0.807780235547562597E+01
    0.140900019892754536E+01    0.765868306847091174E+00    0.898029554491503901E+00   -0.144811995104229041E+00    0.154249407633478119E+01    0.510916819635835573E+01    0.810711381493075578E+01
    0.141093080879512200E+01    0.762284321382875385E+00    0.894920899529127012E+00   -0.126853036410896181E+00    0.154370076238184306E+01    0.508654506649392157E+01    0.813228660345868093E+01
    0.140983242868515823E+01    0.764953885986387028E+00    0.895598045269615617E+00   -0.142410614762862764E+00    0.154337167216061211E+01    0.510374056221592820E+01    0.821991784314548113E+01
    0.141017437764196352E+01    0.766195279705553678E+00    0.898093799674472226E+00   -0.138329591251871165E+00    0.154008869088623790E+01    0.511307797682680398E+01    0.828532754735113031E+01
    0.141503452313238576E+01    0.766140221231416785E+00    0.892662495681663337E+00   -0.143234090374642520E+00    0.154204880069688111E+01    0.511184244510475949E+01    0.836708195327042858E+01
    0.141133357215720245E+01    0.762907124942674986E+00    0.896953497979565251E+00   -0.134297729217443873E+00    0.154259270685543570E+01    0.509759609632188582E+01    0.847696416697067434E+01
    0.141341348700136393E+01    0.767317341984428691E+00    0.892418948474825613E+00   -0.137690967955109045E+00    0.154149014277054075E+01    0.510763613745254119E+01    0.849291918443026361E+01
    0.141205685429653371E+01    0.764837424665218313E+00    0.891671723642019187E+00   -0.131790200822882397E+00    0.154447960184921396E+01    0.508834811467129366E+01    0.854838472536340532E+01
    0.141341267466785325E+01    0.764001732461029426E+00    0.893568278722326359E+00   -0.144780181321658930E+00    0.154357096204556354E+01    0.510666622119574232E+01    0.857448674682410683E+01
    0.141609329697114639E+01    0.763076420394920407E+00    0.890839659766719971E+00   -0.134204094300830690E+00    0.154372945943270246E+01    0.509461730121133716E+01    0.866644095204520681E+01
    0.141205433477354525E+01    0.767132240867045678E+00    0.895458347566681079E+00   -0.146868874480754030E+00    0.154042663196791008E+01    0.512106174774087819E+01    0.867518798448367079E+01
    0.141419133655193363E+01    0.763209214303979144E+00    0.890932957504239176E+00   -0.130843817710200483E+00    0.154570023782074673E+01    0.508185219973306790E+01    0.873813081694578386E+01
    0.140935914861412037E+01    0.767882392132715363E+00    0.895673648525933008E+00   -0.142020114710248890E+00    0.154204721061896111E+01    0.510862089719086576E+01    0.875126555151950924E+01
    0.141376703567164874E+01    0.761707744000394982E+00    0.890628476812854508E+00   -0.127882346673743541E+00    0.154664657889631130E+01    0.507681948508184533E+01    0.879163063157051283E+01
    0.141287369799960061E+01    0.767549415075972630E+00    0.894080310779894250E+00   -0.143851219886748538E+00    0.154075501228456813E+01    0.511726866212187836E+01    0.899097391353592457E+01
    0.140837600942271202E+01    0.766912999966920084E+00    0.898837960842089112E+00   -0.141691087497944679E+00    0.154119469892914074E+01    0.511221735177587977E+01    0.900548308166679590E+01
    0.141374190189815963E+01    0.761151036714510010E+00    0.893699211284850747E+00   -0.131879183084766538E+00    0.154460854124227498E+01    0.508788349843012000E+01    0.903046695044179160E+01
    0.141486634215666918E+01    0.764526119642008561E+00    0.889600259409179861E+00   -0.127848897454565957E+00    0.154422074422683409E+01    0.508568850516888027E+01    0.903051351035725247E+01
    0.140968753088931109E+01    0.761775933081800360E+00    0.896379341618983139E+00   -0.128178404248888711E+00    0.154425797365795447E+01    0.508468884578993041E+01    0.905261571699065826E+01
    0.140883458246882753E+01    0.767980869441042380E+00    0.896956189055059805E+00   -0.139953854466510208E+00    0.154069912931958175E+01    0.511300304154505003E+01    0.906654342046908823E+01
    0.140771662666106323E+01    0.764851784425150338E+00    0.897553600199471724E+00   -0.137447565139350303E+00    0.154264593897704039E+01    0.510152238172014272E+01    0.907900919240807980E+01
    0.141076203738025185E+01    0.765322749409367287E+00    0.897285109871316156E+00   -0.134571151356933427E+00    0.154103272499513633E+01    0.510493560754145737E+01    0.908066315023773996E+01
    0.141118089605328834E+01    0.766128922621393649E+00    0.895715003645456975E+00   -0.141338920853478101E+00    0.154191713808288533E+01    0.510748546359080891E+01    0.909328267488098163E+01
    0.140772495880548831E+01    0.766705678466225726E+00    0.898690122003321545E+00   -0.142288198301546487E+00    0.154121185541247030E+01    0.511138336961946749E+01    0.911214131131259819E+01
    0.140850917474968895E+01    0.762737172415492104E+00    0.897411920209467473E+00   -0.126832911361558942E+00    0.154376738797458590E+01    0.508607487250816881E+01    0.917061918685283217E+01
    0.140979992579209501E+01    0.764721056596882276E+00    0.898343292917546998E+00   -0.139253671459936612E+00    0.154104144970529466E+01    0.510983489546407821E+01    0.928383231537748088E+01
    0.141391708932536986E+01    0.763487787807914042E+00    0.892408093215293574E+00   -0.138635648881903606E+00    0.154390576133204838E+01    0.509889854504141926E+01    0.931300462463531176E+01
    0.141504204992095950E+01    0.764977293862891372E+00    0.892851770982362569E+00   -0.147024211776992431E+00    0.154293133444717467E+01    0.511131233295400200E+01    0.934695887258135372E+01
    0.141201167374158487E+01    0.766363063382169973E+00    0.895843297872688238E+00   -0.142122574919390843E+00    0.154156433109424462E+01    0.511189076221550298E+01    0.940832822024981397E+01
    0.141201167374158487E+01    0.766363063382169973E+00    0.895843297872688238E+00   -0.142122574919390843E+00    0.154156433109424462E+01    0.511189076221550298E+01    0.940832822024981397E+01
    0.141262178394872606E+01    0.767889265046577507E+00    0.894232215698770538E+00   -0.145589748290255727E+00    0.154064386352957827E+01    0.511892514605463944E+01    0.944177934175417022E+01
    0.140819617935720132E+01    0.768563977623380135E+00    0.898370380545042924E+00   -0.148123861532946322E+00    0.153995656422708382E+01    0.512393343866669770E+01    0.948820905077968746E+01
    0.140819617935720132E+01    0.768563977623380135E+00    0.898370380545042924E+00   -0.148123861532946322E+00    0.153995656422708382E+01    0.512393343866669770E+01    0.948820905077968746E+01
    0.141445577449115412E+01    0.766149971371685279E+00    0.891155354161855540E+00   -0.131542160811340736E+00    0.154267137981810554E+01    0.509571077337936185E+01    0.951827885200492574E+01
    0.141330376496945398E+01    0.762510499305830813E+00    0.893753699531708801E+00   -0.130794454341359057E+00    0.154391423949431172E+01    0.509066238096731638E+01    0.955316914741268874E+01
    0.141194828866344935E+01    0.763983416685030670E+00    0.895185244726621754E+00   -0.136043764829752334E+00    0.154388582846368472E+01    0.509519322414206943E+01    0.955659316103225365E+01
    0.141194828866344935E+01    0.763983416685030670E+00    0.895185244726621754E+00   -0.136043764829752334E+00    0.154388582846368472E+01    0.509519322414206943E+01    0.955659316103225365E+01
    0.141700259383865301E+01    0.764035073392901443E+00    0.888649518903594560E+00   -0.132659107154371014E+00    0.154519159801749928E+01    0.508714899197446790E+01    0.963756481206212356E+01
    0.141030420731591732E+01    0.765049638746194027E+00    0.897899554756321328E+00   -0.142748647055844557E+00    0.154217538918725294E+01    0.510886819607986009E+01    0.977779777347143408E+01
    0.141050053817321874E+01    0.767052393525000764E+00    0.896749627067092936E+00   -0.140032365328266906E+00    0.154124696941420014E+01    0.511021861009927836E+01    0.978424528999772747E+01
    0.140880247286053972E+01    0.764986827624969945E+00    0.895407144545238398E+00   -0.129379298667668508E+00    0.154339492344795781E+01    0.509059121694227823E+01    0.980171510261357071E+01
    0.140880247286053972E+01    0.764986827624969945E+00    0.895407144545238398E+00   -0.129379298667668508E+00    0.154339492344795781E+01    0.509059121694227823E+01    0.980171510261357071E+01
    0.141202448066165331E+01    0.763165078361927596E+00    0.896179956682618961E+00   -0.135661201724399660E+00    0.154306230359578467E+01    0.509840878468413017E+01    0.980264865574343958E+01
    0.140925085865970701E+01    0.763751104819393678E+00    0.894628822535601498E+00   -0.127338039957033189E+00    0.154462094252753457E+01    0.508335187547129230E+01    0.984985276550679600E+01
    0.140925085865970701E+01    0.763751104819393678E+00    0.894628822535601498E+00   -0.127338039957033189E+00    0.154462094252753457E+01    0.508335187547129230E+01    0.984985276550679600E+01
    0.141214080420683175E+01    0.765156727456105301E+00    0.895119940296353667E+00   -0.134675883287151521E+00    0.154246421778959975E+01    0.510009757194325708E+01    0.985883411471547788E+01
    0.141222277242155592E+01    0.763820028569012321E+00    0.894564853320778508E+00   -0.138031629032655090E+00    0.154291965706760537E+01    0.510113373961164651E+01    0.986983681417910930E+01
    0.141222277242155592E+01    0.763820028569012321E+00    0.894564853320778508E+00   -0.138031629032655090E+00    0.154291965706760537E+01    0.510113373961164651E+01    0.986983681417910930E+01
    0.141618106916491371E+01    0.763359797341887969E+00    0.888825972525811858E+00   -0.132561577624400684E+00    0.154559668134356798E+01    0.508523155197233656E+01    0.989068853040521390E+01
    0.140908275899629132E+01    0.765860720272597661E+00    0.897601193159864752E+00   -0.145953944539234826E+00    0.154178986895514147E+01    0.511481638128396732E+01    0.989510794413030226E+01
    0.140902944801860208E+01    0.763384589541979741E+00    0.895849502852032020E+00   -0.131347878838427690E+00    0.154472147570817819E+01    0.508740876753726123E+01    0.990714604067187565E+01
    0.141122067324944034E+01    0.764015544347736331E+00    0.894809782893673078E+00   -0.125668366173808721E+00    0.154326838928211418E+01    0.508666265503006088E+01    0.991039308099612981E+01
    0.141122067324944034E+01    0.764015544347736331E+00    0.894809782893673078E+00   -0.125668366173808721E+00    0.154326838928211418E+01    0.508666265503006088E+01    0.991039308099612981E+01
    0.141194888522618101E+01    0.761383963573150080E+00    0.894951384498150038E+00   -0.127297609621274788E+00    0.154468608412041775E+01    0.508241360750355220E+01    0.100096245214886608E+02
    0.141194888522618101E+01    0.761383963573150080E+00    0.894951384498150038E+00   -0.127297609621274788E+00    0.154468608412041775E+01    0.508241360750355220E+01    0.100096245214886608E+02
    0.141075985133009674E+01    0.764939706846417877E+00    0.894587765316782635E+00   -0.130342172053852678E+00    0.154285658488756683E+01    0.509242634828406171E+01    0.100160603664991186E+02
    0.141075985133009674E+01    0.764939706846417877E+00    0.894587765316782635E+00   -0.130342172053852678E+00    0.154285658488756683E+01    0.509242634828406171E+01    0.100160603664991186E+02
    0.140740795040203892E+01    0.766607161499922696E+00    0.898417463416056883E+00   -0.140223153826726232E+00    0.154210006980022074E+01    0.510646343994237739E+01    0.100262894809847012E+02
    0.140930111205044994E+01    0.766988592716440487E+00    0.896318124884893708E+00   -0.139372476513692334E+00    0.154146256031866291E+01    0.510944937894403761E+01    0.100286827320418865E+02
    0.140930111205044994E+01    0.766988592716440487E+00    0.896318124884893708E+00   -0.139372476513692334E+00    0.154146256031866291E+01    0.510944937894403761E+01    0.100286827320418865E+02
    0.141367577196367122E+01    0.763778165707729606E+00    0.894788472548602054E+00   -0.137637384825554321E+00    0.154248476205275953E+01    0.510304102331400777E+01    0.100297562623231897E+02
    0.141410531213718826E+01    0.765777190694742482E+00    0.894142698831191129E+00   -0.145960148789539446E+00    0.154163728716874981E+01    0.511488802002876053E+01    0.100388644598847350E+02
    0.141460014522676403E+01    0.764028381997827299E+00    0.893153877739675917E+00   -0.137809748403521226E+00    0.154283805160598053E+01    0.510244555644205366E+01    0.100448279888734646E+02
    0.141283138056011026E+01    0.765502679938062203E+00    0.895438243168450554E+00   -0.137692710468932944E+00    0.154144126891325328E+01    0.510691652175432509E+01    0.100477345748130347E+02
    0.141056968741034616E+01    0.767464700131536559E+00    0.895448032575547725E+00   -0.139718300226501668E+00    0.154132571867462009E+01    0.510872001171332712E+01    0.100525390210198111E+02
    0.141056968741034616E+01    0.767464700131536559E+00    0.895448032575547725E+00   -0.139718300226501668E+00    0.154132571867462009E+01    0.510872001171332712E+01    0.100525390210198111E+02
    0.141231759927634570E+01    0.766662051351156282E+00    0.893776742093585375E+00   -0.137470627714963101E+00    0.154143752375863885E+01    0.510696121451221430E+01    0.100604033291439805E+02
    0.141048046889002343E+01    0.762657851135669862E+00    0.894662052554684450E+00   -0.127900419853414604E+00    0.154530817991022129E+01    0.508051108680058849E+01    0.100722412697195978E+02
    0.141252251766406189E+01    0.763517415013623579E+00    0.894729579317920964E+00   -0.135002632217167573E+00    0.154363013018311435E+01    0.509615787307454404E+01    0.101039936067130611E+02
    0.141252251766406189E+01    0.763517415013623579E+00    0.894729579317920964E+00   -0.135002632217167573E+00    0.154363013018311435E+01    0.509615787307454404E+01    0.101039936067130611E+02
    0.141049802910914579E+01    0.763644974760356199E+00    0.893347255295495968E+00   -0.125413210538127373E+00    0.154499184760728014E+01    0.507957482042522646E+01    0.101171575161596365E+02
    0.141049802910914579E+01    0.763644974760356199E+00    0.893347255295495968E+00   -0.125413210538127373E+00    0.154499184760728014E+01    0.507957482042522646E+01    0.101171575161596365E+02
    0.141098639637911738E+01    0.763770017703654380E+00    0.895514990950498357E+00   -0.140940342773097527E+00    0.154403205644166097E+01    0.510065573618914669E+01    0.102009934135950289E+02
    0.140816831131900067E+01    0.765855950684668718E+00    0.898016008115448461E+00   -0.134591039988853467E+00    0.154133790459055220E+01    0.510316109004688823E+01    0.102327645151536899E+02
    0.140991576404250551E+01    0.763454069162060600E+00    0.896182168212678487E+00   -0.127572255168299620E+00    0.154307120555188049E+01    0.508975897347646811E+01    0.102617590574010933E+02
    0.140991576404250551E+01    0.763454069162060600E+00    0.896182168212678487E+00   -0.127572255168299620E+00    0.154307120555188049E+01    0.508975897347646811E+01    0.102617590574010933E+02
    0.141399139671226592E+01    0.764304565510602663E+00    0.893654650382400551E+00   -0.138488555776890010E+00    0.154328114511385328E+01    0.510124875998319283E+01    0.102789247591504136E+02
    0.141002841708404603E+01    0.767381187945730847E+00    0.898110418195585680E+00   -0.145964448277178249E+00    0.154019283577830013E+01    0.512096210068263957E+01    0.102928943399228388E+02
    0.140843720467749556E+01    0.766742838593127529E+00    0.897450664107788509E+00   -0.138375406251157074E+00    0.154139075790062030E+01    0.510845912415841852E+01    0.103309676930176693E+02
    0.140843720467749556E+01    0.766742838593127529E+00    0.897450664107788509E+00   -0.138375406251157074E+00    0.154139075790062030E+01    0.510845912415841852E+01    0.103309676930176693E+02
    0.140846442672407690E+01    0.766082402236391902E+00    0.898623787589848511E+00   -0.137192510610638863E+00    0.154130779661588191E+01    0.510679093449352450E+01    0.103317886896861637E+02
    0.141218989097602332E+01    0.766052142067664144E+00    0.893781971139280151E+00   -0.133954918748052876E+00    0.154281441729254487E+01    0.509778249400498407E+01    0.103926608766577147E+02
    0.141218989097602332E+01    0.766052142067664144E+00    0.893781971139280151E+00   -0.133954918748052876E+00    0.154281441729254487E+01    0.509778249400498407E+01    0.103926608766577147E+02
    0.141111562294063120E+01    0.765798876714839150E+00    0.896670059889893012E+00   -0.140818438139518776E+00    0.154131843198716845E+01    0.511148711393710187E+01    0.104244193130726330E+02
    0.141111562294063120E+01    0.765798876714839150E+00    0.896670059889893012E+00   -0.140818438139518776E+00    0.154131843198716845E+01    0.511148711393710187E+01    0.104244193130726330E+02
    0.140851605794211210E+01    0.767015442673600223E+00    0.898845435261786729E+00   -0.140069519760636751E+00    0.154044326334948023E+01    0.511313811323878564E+01    0.104358755553616334E+02
    0.141008842604262696E+01    0.764152460076169993E+00    0.895290681049360604E+00   -0.127346100681977603E+00    0.154298137047676143E+01    0.508928169106581230E+01    0.104418682841777581E+02
    0.141008842604262696E+01    0.764152460076169993E+00    0.895290681049360604E+00   -0.127346100681977603E+00    0.154298137047676143E+01    0.508928169106581230E+01    0.104418682841777581E+02
    0.141326656688437957E+01    0.766860081911706071E+00    0.893062162467778031E+00   -0.140243411769532145E+00    0.154158440103090411E+01    0.510944518581374929E+01    0.104427824111261884E+02
    0.141326656688437957E+01    0.766860081911706071E+00    0.893062162467778031E+00   -0.140243411769532145E+00    0.154158440103090411E+01    0.510944518581374929E+01    0.104427824111261884E+02
    0.140989459936631789E+01    0.765398366626089288E+00    0.894436524657277743E+00   -0.132548160640910240E+00    0.154325527441097843E+01    0.509410518685392777E+01    0.104683230975822994E+02
    0.141158163320304197E+01    0.764257592003578345E+00    0.895630547899563978E+00   -0.143959210475175681E+00    0.154313974069229998E+01    0.510651731014784094E+01    0.104795504653233706E+02
    0.141236756102966510E+01    0.764092053718919417E+00    0.895411159044798954E+00   -0.132763842077455507E+00    0.154227894777036600E+01    0.509773914846453202E+01    0.104813562599597958E+02
    0.141236756102966510E+01    0.764092053718919417E+00    0.895411159044798954E+00   -0.132763842077455507E+00    0.154227894777036600E+01    0.509773914846453202E+01    0.104813562599597958E+02
    0.141012795427360160E+01    0.764276436137853121E+00    0.896202363827635629E+00   -0.139051738618377385E+00    0.154354504340225640E+01    0.510073988339020978E+01    0.105165290395181046E+02
    0.141216974177220678E+01    0.763130290424935409E+00    0.895920899432417595E+00   -0.139402442188833575E+00    0.154333345321417048E+01    0.510096396765453353E+01    0.105652961286315303E+02
    0.141216974177220678E+01    0.763130290424935409E+00    0.895920899432417595E+00   -0.139402442188833575E+00    0.154333345321417048E+01    0.510096396765453353E+01    0.105652961286315303E+02
    0.141400822514048663E+01    0.763986660234789006E+00    0.892308391293087810E+00   -0.137679331430826224E+00    0.154391184326690412E+01    0.509652828885563025E+01    0.105825006598444133E+02
    0.141221177268717746E+01    0.766955532675038687E+00    0.895725333743659036E+00   -0.143067907410870276E+00    0.154107674202987832E+01    0.511398893628606910E+01    0.105910088557920403E+02
    0.141305349747770137E+01    0.766954627337903649E+00    0.892708790920720974E+00   -0.136284479436449502E+00    0.154203484137931390E+01    0.510320019773166145E+01    0.106138264999286207E+02
    0.141305349747770137E+01    0.766954627337903649E+00    0.892708790920720974E+00   -0.136284479436449502E+00    0.154203484137931390E+01    0.510320019773166145E+01    0.106138264999286207E+02
    0.141230202109583303E+01    0.766828068750611269E+00    0.893335339853189581E+00   -0.136016568106640534E+00    0.154188095878710163E+01    0.510383881430207875E+01    0.106251208405644775E+02
    0.141230202109583303E+01    0.766828068750611269E+00    0.893335339853189581E+00   -0.136016568106640534E+00    0.154188095878710163E+01    0.510383881430207875E+01    0.106251208405644775E+02
    0.141124059431219351E+01    0.767205533167767184E+00    0.894468972771674364E+00   -0.137859854613777699E+00    0.154191261019592019E+01    0.510471612868233393E+01    0.106525722179800368E+02
    0.140975567845126726E+01    0.764678058009146677E+00    0.896379557502603452E+00   -0.137046419229982064E+00    0.154306463348070144E+01    0.509853820988266904E+01    0.106542580927486483E+02
    0.140975567845126726E+01    0.764678058009146677E+00    0.896379557502603452E+00   -0.137046419229982064E+00    0.154306463348070144E+01    0.509853820988266904E+01    0.106542580927486483E+02
    0.140942402459599769E+01    0.763219838639721426E+00    0.896897833985254578E+00   -0.131116142540607328E+00    0.154351459894375798E+01    0.509053047492509325E+01    0.106739597852804309E+02
    0.141488050402025678E+01    0.764531688971493151E+00    0.891457389940145117E+00   -0.129667025451547957E+00    0.154322066435744198E+01    0.509116884815035053E+01    0.106856644442449920E+02
    0.141174798266241552E+01    0.765595602517036067E+00    0.894946903159750340E+00   -0.136695583979225432E+00    0.154224439453451190E+01    0.510151457205953562E+01    0.107150585093865516E+02
    0.140834890075715435E+01    0.765141694450509724E+00    0.897275365592475227E+00   -0.139826451186062073E+00    0.154276309295756398E+01    0.510352834639481312E+01    0.107343282862633487E+02
    0.141268488044319085E+01    0.766890276562807172E+00    0.893109070040731590E+00   -0.139606419074928212E+00    0.154194899203768165E+01    0.510705995008126656E+01    0.107638878556429063E+02
    0.141340670743346486E+01    0.766424165727014772E+00    0.894732828685817938E+00   -0.146148367576087068E+00    0.154157340887180361E+01    0.511571148192440539E+01    0.107679474764074143E+02
    0.141164634651384624E+01    0.762779055009520146E+00    0.895757550755914456E+00   -0.138449472390497874E+00    0.154380840399765340E+01    0.509807196050593880E+01    0.107754835388832362E+02
    0.141297932457569786E+01    0.765246626991859524E+00    0.892452997636314915E+00   -0.138489838164167267E+00    0.154336008259870994E+01    0.510015988777567042E+01    0.107794668447713207E+02
    0.141297932457569786E+01    0.765246626991859524E+00    0.892452997636314915E+00   -0.138489838164167267E+00    0.154336008259870994E+01    0.510015988777567042E+01    0.107794668447713207E+02
    0.141214685940674300E+01    0.765242220479001922E+00    0.894500537557246900E+00   -0.136717543077164549E+00    0.154267221948868083E+01    0.509983936674159288E+01    0.108022503694979264E+02
    0.141144009663637959E+01    0.764174841671618865E+00    0.896244161478722989E+00   -0.140948115547022468E+00    0.154227143678842449E+01    0.510696550632408819E+01    0.108045857641787961E+02
    0.141453515723069856E+01    0.764411469528259335E+00    0.892464942318056842E+00   -0.140114665052648135E+00    0.154401332244910483E+01    0.509910732981766301E+01    0.108097386545979930E+02
    0.141401817731063595E+01    0.763765052010301759E+00    0.894149672138967566E+00   -0.138277867087687412E+00    0.154320967391011510E+01    0.510033623003962688E+01    0.108112293916978501E+02
    0.141503675658576356E+01    0.763230922341214257E+00    0.891476504639756695E+00   -0.130119592490393288E+00    0.154451047548155285E+01    0.508729816814250491E+01    0.108582452711542601E+02
    0.141582298870140910E+01    0.761696111253123420E+00    0.889765407961029542E+00   -0.127454713022107313E+00    0.154592770870553897E+01    0.507851481966811047E+01    0.108655109073334870E+02
    0.141172275123117785E+01    0.762745353126066283E+00    0.893406877632473173E+00   -0.131974521432262293E+00    0.154541366375162359E+01    0.508554693191981499E+01    0.108808366323862629E+02
    0.140992332190997161E+01    0.766443723524320997E+00    0.895300066959376695E+00   -0.137744798788046907E+00    0.154225539009290480E+01    0.510443018685216021E+01    0.108854316849744919E+02
    0.141444432756367711E+01    0.765702836369521078E+00    0.893357991420416608E+00   -0.142623023227571366E+00    0.154235689226016293E+01    0.510829851847618865E+01    0.108898427409029068E+02
    0.141444432756367711E+01    0.765702836369521078E+00    0.893357991420416608E+00   -0.142623023227571366E+00    0.154235689226016293E+01    0.510829851847618865E+01    0.108898427409029068E+02
    0.140880244450360514E+01    0.763921983400833171E+00    0.898125218089483313E+00   -0.132908366062187255E+00    0.154259900404409933E+01    0.509687332983133512E+01    0.109052826303828851E+02
    0.141021098952107238E+01    0.762799272967443875E+00    0.896238399113017281E+00   -0.134351597086858732E+00    0.154433423589199070E+01    0.509118256001586023E+01    0.109077369759026510E+02
    0.140988516186504498E+01    0.765273852042865355E+00    0.896922936071412047E+00   -0.139991673948520301E+00    0.154203039468048786E+01    0.510781941521010374E+01    0.109246792029784388E+02
    0.141193703944372473E+01    0.765809005977132751E+00    0.894378676724822963E+00   -0.135464760971489184E+00    0.154288028162568347E+01    0.509843040365255629E+01    0.109391026163107199E+02
    0.141290143762907938E+01    0.766779542561987215E+00    0.894360841386110939E+00   -0.139788300591327186E+00    0.154118532341002323E+01    0.511058486949173663E+01    0.109635395908989608E+02
    0.141327985554445590E+01    0.765556040414977601E+00    0.894451485725889173E+00   -0.144431213378807044E+00    0.154192750684121527E+01    0.511280796754265854E+01    0.110348068322078348E+02
    0.141412136102800901E+01    0.765168069414740137E+00    0.892558274583903577E+00   -0.141264065816731232E+00    0.154280405166465773E+01    0.510557335632518772E+01    0.110397097217413034E+02
    0.141187301569272883E+01    0.762455303893445735E+00    0.894506554342393789E+00   -0.130707320859436038E+00    0.154451934417487258E+01    0.508628897193686491E+01    0.110521103207908027E+02
    0.141087921389398474E+01    0.764460819006807402E+00    0.894651842535995279E+00   -0.136882582316848911E+00    0.154325706154273123E+01    0.509906283585328168E+01    0.110532368665512308E+02
    0.141277096036855632E+01    0.764699015186234732E+00    0.894365791322813686E+00   -0.133925247932401348E+00    0.154299150386479567E+01    0.509622215158992020E+01    0.111043387693345608E+02
    0.141188494785796870E+01    0.764275536571198177E+00    0.894074218090569639E+00   -0.137463420034986683E+00    0.154434739233873142E+01    0.509548495979438165E+01    0.111125447981112302E+02
    0.141063320733509734E+01    0.765769597943937286E+00    0.896970322398937925E+00   -0.143376254798241121E+00    0.154147461439741829E+01    0.511349643120209496E+01    0.111290557720416246E+02
    0.141058492175382710E+01    0.762659386557345997E+00    0.895299762984374414E+00   -0.126193623359805329E+00    0.154416532342818380E+01    0.508323889846265065E+01    0.111439213859689517E+02
    0.141408930210056738E+01    0.763047245257155726E+00    0.893536141471147904E+00   -0.135713094097519971E+00    0.154342505642337358E+01    0.509708676070338562E+01    0.111496615362906937E+02
    0.141297862565788535E+01    0.762230923868358223E+00    0.893026761640624001E+00   -0.130881695880631810E+00    0.154503174316534464E+01    0.508471706752596031E+01    0.111728997003043560E+02
    0.141297862565788535E+01    0.762230923868358223E+00    0.893026761640624001E+00   -0.130881695880631810E+00    0.154503174316534464E+01    0.508471706752596031E+01    0.111728997003043560E+02
    0.141083725818632288E+01    0.762797334536897464E+00    0.896435194042902617E+00   -0.133281226297198074E+00    0.154357123731301904E+01    0.509315181647766124E+01    0.111993596534205722E+02
    0.141083725818632288E+01    0.762797334536897464E+00    0.896435194042902617E+00   -0.133281226297198074E+00    0.154357123731301904E+01    0.509315181647766124E+01    0.111993596534205722E+02
    0.141106624544211101E+01    0.764113668247067945E+00    0.894897578585690523E+00   -0.133029533803115996E+00    0.154403017317354818E+01    0.509193626580079606E+01    0.112238823794976952E+02
    0.141252729248336095E+01    0.764939695161347299E+00    0.892471727038604556E+00   -0.132061464579175336E+00    0.154381215962226648E+01    0.509093106928242989E+01    0.112507849481412450E+02
    0.141541636006522076E+01    0.763880938037104662E+00    0.891545278893263071E+00   -0.135346545672348384E+00    0.154346554789582768E+01    0.509691995698506339E+01    0.112618530621788864E+02
    0.141104085094372778E+01    0.764274976940082729E+00    0.893418984266336480E+00   -0.130490215257717423E+00    0.154449501785198096E+01    0.508755386923381980E+01    0.112676485862440927E+02
    0.141316710217280317E+01    0.761473720146101041E+00    0.892527038889957325E+00   -0.126295086534998546E+00    0.154554233487992110E+01    0.507821680843354795E+01    0.112756581917801100E+02
    0.141253959394953554E+01    0.761928002744586275E+00    0.893237167216255790E+00   -0.128489163756000835E+00    0.154546593258908760E+01    0.508064187490530372E+01    0.112972318245094243E+02
    0.140974670034434624E+01    0.766358957279023478E+00    0.896897926224711872E+00   -0.140052981825411038E+00    0.154206975888720033E+01    0.510679726514150367E+01    0.113247736214386236E+02
    0.141085209483979845E+01    0.764512518605621194E+00    0.896717124675849964E+00   -0.140146870256538492E+00    0.154268755393588308E+01    0.510483826724096179E+01    0.113635667330995602E+02
    0.141085209483979845E+01    0.764512518605621194E+00    0.896717124675849964E+00   -0.140146870256538492E+00    0.154268755393588308E+01    0.510483826724096179E+01    0.113635667330995602E+02
    0.141252243940945554E+01    0.764402334573129449E+00    0.893222395012073456E+00   -0.131996964357853130E+00    0.154366173970577858E+01    0.509295095978787060E+01    0.113851682662887015E+02
    0.141151672027677222E+01    0.762176317183562824E+00    0.894929396421703660E+00   -0.131061432165779479E+00    0.154448056021313751E+01    0.508716394030033214E+01    0.113881283709136483E+02
    0.140933430537062421E+01    0.765678956751271178E+00    0.897007184834483939E+00   -0.142505744278299318E+00    0.154209147535327218E+01    0.510913593948947220E+01    0.113891640012147946E+02
    0.141535996908334916E+01    0.764895201738342689E+00    0.892102879325924913E+00   -0.139345649489088785E+00    0.154306662619395274E+01    0.510254997098622098E+01    0.114133539350001456E+02
    0.141273945436037174E+01    0.765704441967819394E+00    0.895390523288910445E+00   -0.141662079477619329E+00    0.154168593885283278E+01    0.511016672214223178E+01    0.114453586435639636E+02
    0.141407241281783413E+01    0.764701574579622623E+00    0.891673271128913703E+00   -0.132558486061890690E+00    0.154332452294766620E+01    0.509402087772463208E+01    0.114716985915927694E+02
    0.141319726514222133E+01    0.764158611349484040E+00    0.893324498431299241E+00   -0.135036117271567946E+00    0.154351785778709027E+01    0.509682313733327508E+01    0.114901280300630901E+02
    0.141069897620648277E+01    0.765716210121773377E+00    0.895379485588972845E+00   -0.143286048548018741E+00    0.154284108913153939E+01    0.510780324775725880E+01    0.115001311889954536E+02
    0.141084555939796275E+01    0.764187712338816216E+00    0.894870143071492374E+00   -0.132411057278643440E+00    0.154306638992098732E+01    0.509444726465434883E+01    0.115031462675244711E+02
    0.141187259610894245E+01    0.765597800749968416E+00    0.894803352201580582E+00   -0.133905622363597487E+00    0.154226924987376046E+01    0.509973173213016295E+01    0.115076711383530323E+02
    0.141047917552746327E+01    0.764719506196253507E+00    0.896389454147468623E+00   -0.132652343319531241E+00    0.154201652083124596E+01    0.509896618799721679E+01    0.115081502152715984E+02
    0.141242597772923162E+01    0.763118639303998814E+00    0.893691941172728654E+00   -0.134592858494670509E+00    0.154401002304206569E+01    0.509364795333921538E+01    0.115668396095928188E+02
    0.141356561900618338E+01    0.763254977308871263E+00    0.892742229972840029E+00   -0.132304606286382409E+00    0.154437341080105162E+01    0.509034707606121462E+01    0.115744944986818723E+02
    0.141398442350935305E+01    0.766372924790542642E+00    0.893316993009399374E+00   -0.142067787811670954E+00    0.154196793033160295E+01    0.510960837829815606E+01    0.115770390600670794E+02
    0.141179213773756906E+01    0.763114043431616262E+00    0.894964807652033345E+00   -0.133053117326344505E+00    0.154412935193924916E+01    0.509142944550945487E+01    0.115858221813000455E+02
    0.141179213773756906E+01    0.763114043431616262E+00    0.894964807652033345E+00   -0.133053117326344505E+00    0.154412935193924916E+01    0.509142944550945487E+01    0.115858221813000455E+02
    0.141075866830874830E+01    0.763757777398869075E+00    0.895741955426585634E+00   -0.137405479971995703E+00    0.154368653295691516E+01    0.509690775520595363E+01    0.115934774736947475E+02
    0.141219600858597083E+01    0.762743686638032714E+00    0.893610105580757041E+00   -0.126991791968947609E+00    0.154411714583789017E+01    0.508483626808860389E+01    0.116212798725006792E+02
    0.141201201175882218E+01    0.762455159964759432E+00    0.893351448211399557E+00   -0.127267096200233354E+00    0.154527452868837356E+01    0.508052827397979723E+01    0.116232979132947207E+02
    0.141072063452804031E+01    0.765054626832868512E+00    0.895212005681052969E+00   -0.132274627120239074E+00    0.154292414446706472E+01    0.509561710624237740E+01    0.116237121046991092E+02
    0.141278260958630675E+01    0.764561282935789066E+00    0.893161549899059160E+00   -0.136970815312732697E+00    0.154413805742372334E+01    0.509498719671972289E+01    0.116618840605598280E+02
    0.140898247794088149E+01    0.766239366147339340E+00    0.898063343777502077E+00   -0.139647654037990065E+00    0.154142665618121510E+01    0.510879694098129988E+01    0.116968116801493238E+02
    0.141057271788910654E+01    0.763021839345853103E+00    0.894411292301616090E+00   -0.128081909769537816E+00    0.154476322937745891E+01    0.508308181074921706E+01    0.116990706248366791E+02
    0.141190849145129427E+01    0.765759386303167311E+00    0.895878982776274091E+00   -0.141693098253458771E+00    0.154138336960061695E+01    0.511170835075199648E+01    0.117354197022129938E+02
    0.141167425130383783E+01    0.764944623391585865E+00    0.895120951615894445E+00   -0.141788212926929447E+00    0.154319216862796527E+01    0.510482252686431526E+01    0.117601138834583594E+02
    0.141284605806332841E+01    0.764791554776748761E+00    0.893105595647325390E+00   -0.137179715827619120E+00    0.154339322239825827E+01    0.509814023474025380E+01    0.117605061762737932E+02
    0.141311106320538826E+01    0.764565489710276491E+00    0.892868663000916274E+00   -0.138465453790143300E+00    0.154354051590428965E+01    0.510003707205080836E+01    0.117904868829247107E+02
    0.141204361098591491E+01    0.764082968069060620E+00    0.893230430027336486E+00   -0.132241378555384870E+00    0.154423826395534536E+01    0.508932234039566644E+01    0.117956332944040128E+02
    0.141053722732797837E+01    0.764880452608279526E+00    0.894662456368210179E+00   -0.134627533672530220E+00    0.154392443865498041E+01    0.509359598189504936E+01    0.118301533289674694E+02
    0.141232581707385663E+01    0.763520739019414085E+00    0.893011668192455588E+00   -0.127579625958373910E+00    0.154446534547522107E+01    0.508359200040291537E+01    0.118394483842561158E+02
    0.141339566595403454E+01    0.763262854667561830E+00    0.891450722714820953E+00   -0.129150555473728446E+00    0.154499300823010421E+01    0.508412970250479912E+01    0.118545801661819610E+02
    0.141321301160674651E+01    0.763930190231435602E+00    0.894491110284312496E+00   -0.136867503437169802E+00    0.154311607531256367E+01    0.509901987813489388E+01    0.118599676030756314E+02
    0.140925962986734632E+01    0.766181589799712626E+00    0.897017106107352635E+00   -0.136070378492613386E+00    0.154172665501832418E+01    0.510393800790384855E+01    0.118602085790694787E+02
    0.141005415263194145E+01    0.764083674439632321E+00    0.895918145348146622E+00   -0.136714645921710343E+00    0.154346628715802936E+01    0.509824117409925837E+01    0.118682829807039525E+02
    0.141161575379532067E+01    0.763007767923730706E+00    0.893247121389425081E+00   -0.128074853797336630E+00    0.154509078986154758E+01    0.508200944301852697E+01    0.118838689828471615E+02
    0.141184798256055188E+01    0.766514104887838998E+00    0.894425535599961852E+00   -0.140924978103980081E+00    0.154183754722613964E+01    0.510879421424598323E+01    0.118870562223829097E+02
    0.141124758037473974E+01    0.765821061714336615E+00    0.895067757262107411E+00   -0.138758899094280963E+00    0.154287053537396446E+01    0.510206063441683977E+01    0.118996256645993981E+02
    0.141377133587573134E+01    0.764634116114473739E+00    0.891343084314990541E+00   -0.131853783472642760E+00    0.154428640405730100E+01    0.508983837290870245E+01    0.119016362202529535E+02
    0.140995402497653188E+01    0.765224530737360631E+00    0.897339157930120979E+00   -0.140187575975874168E+00    0.154230577261978130E+01    0.510581761263270284E+01    0.119030988755118301E+02
    0.141246631157202707E+01    0.763803278415656650E+00    0.894306495236748322E+00   -0.133363923094082182E+00    0.154313254361442098E+01    0.509493766212012122E+01    0.119174657964927633E+02
    0.141316879428027953E+01    0.762956583861772675E+00    0.892230436065448496E+00   -0.127293799750583858E+00    0.154503287166332637E+01    0.508130946637796033E+01    0.119187263992369026E+02
    0.141250260635498215E+01    0.764779829419826029E+00    0.893259741461813306E+00   -0.131060687534057863E+00    0.154363764946221838E+01    0.509113433653969594E+01    0.119204729751724585E+02
    0.141264058991186481E+01    0.764901524747863548E+00    0.894626617609100117E+00   -0.137223769090846659E+00    0.154275767475961589E+01    0.510055279105314696E+01    0.119266169928218346E+02
    0.141251581286879535E+01    0.763525013913034623E+00    0.894085142617533246E+00   -0.134066080182545733E+00    0.154336823169574555E+01    0.509507554887106373E+01    0.119376770170753730E+02
    0.141249697516784778E+01    0.764474189342885913E+00    0.894457320492406671E+00   -0.139283593029915664E+00    0.154307832310084869E+01    0.510285771033838298E+01    0.119744945153342428E+02
    0.141254170014926927E+01    0.764380162570461485E+00    0.894092970351664351E+00   -0.139610444558387670E+00    0.154314271345110887E+01    0.510214944611337540E+01    0.119906243127796870E+02
    0.141195316765739776E+01    0.765535665753935279E+00    0.894880919015738074E+00   -0.139889703029208334E+00    0.154285261672206309E+01    0.510378696217999916E+01    0.119915403899184980E+02
    0.141425295587015221E+01    0.764561518622105085E+00    0.891941164187071145E+00   -0.133576141456295261E+00    0.154364943326390525E+01    0.509335164357590653E+01    0.119920325151051657E+02
    0.141220697095414494E+01    0.765148441107968091E+00    0.895184369387883039E+00   -0.143842951743199166E+00    0.154249094941745679E+01    0.510926015402725753E+01    0.120170063502431503E+02
    0.141208573108224833E+01    0.766642208114726720E+00    0.895359719667301879E+00   -0.143822350244347419E+00    0.154149795115834576E+01    0.511337880362030184E+01    0.120214162600041732E+02
    0.141017061384641273E+01    0.766134514523108212E+00    0.896626474945225960E+00   -0.141207842388912042E+00    0.154171186125333293E+01    0.510984560082723682E+01    0.125072958864615771E+02
    0.141017061384641273E+01    0.766134514523108212E+00    0.896626474945225960E+00   -0.141207842388912042E+00    0.154171186125333293E+01    0.510984560082723682E+01    0.125072958864615771E+02
    0.141167226831577075E+01    0.763592894527238442E+00    0.895416048846655155E+00   -0.135650599687156870E+00    0.154317161991326346E+01    0.509799758012870807E+01    0.123520058722833710E+02
    0.141259361042481224E+01    0.764266313977134959E+00    0.892593063502891582E+00   -0.132754085290802237E+00    0.154446568559824104E+01    0.509008279846709843E+01    0.121511655509073648E+02
    0.141150633424202532E+01    0.763930742912783733E+00    0.894364653514663099E+00   -0.133559157131404760E+00    0.154403899506085152E+01    0.509262623956174387E+01    0.123355549847157704E+02
    0.141150633424202532E+01    0.763930742912783733E+00    0.894364653514663099E+00   -0.133559157131404760E+00    0.154403899506085152E+01    0.509262623956174387E+01    0.123355549847157704E+02
    0.141193482917008595E+01    0.764569463595896504E+00    0.893929500699238599E+00   -0.135369566127810259E+00    0.154376741332529521E+01    0.509574501723972162E+01    0.123926106571598780E+02
    0.141212080118632066E+01    0.766134599549267326E+00    0.894008381283090015E+00   -0.141556453129293658E+00    0.154272938578130736E+01    0.510624828870825986E+01    0.122973576309515238E+02
    0.141212080118632066E+01    0.766134599549267326E+00    0.894008381283090015E+00   -0.141556453129293658E+00    0.154272938578130736E+01    0.510624828870825986E+01    0.122973576309515238E+02
    0.141223754733070805E+01    0.764700411140773917E+00    0.894406825593693444E+00   -0.139288572703142322E+00    0.154287136649436851E+01    0.510311067572777155E+01    0.125862474985432300E+02
    0.141038763391678579E+01    0.764727580342252633E+00    0.894499572722471270E+00   -0.132141169140361114E+00    0.154384693840523912E+01    0.509142092344883501E+01    0.121110913727883371E+02
    0.141291045537416338E+01    0.764559151785429325E+00    0.894068654494030834E+00   -0.135871296585445833E+00    0.154278892237430210E+01    0.510003738577944343E+01    0.125226423431779494E+02
    0.140941390339573758E+01    0.765878079756214913E+00    0.896176837626193712E+00   -0.138034567141536613E+00    0.154266194489920938E+01    0.510261930630362404E+01    0.121045618139672229E+02
    0.141011872209855049E+01    0.763734167517359230E+00    0.895822756913957519E+00   -0.130994982624756062E+00    0.154329362862523034E+01    0.509199758913808953E+01    0.121630268290202253E+02
    0.141084038793268363E+01    0.764412128149455361E+00    0.895187405122421564E+00   -0.134077779729222968E+00    0.154316126315508395E+01    0.509631117747216233E+01    0.130177853435566817E+02
    0.141084038793268363E+01    0.764412128149455361E+00    0.895187405122421564E+00   -0.134077779729222968E+00    0.154316126315508395E+01    0.509631117747216233E+01    0.130177853435566817E+02
    0.141014522805738274E+01    0.765310111896225331E+00    0.895922148694426879E+00   -0.135959641658393693E+00    0.154255863446973862E+01    0.510024583283170596E+01    0.128739882240991506E+02
    0.141014522805738274E+01    0.765310111896225331E+00    0.895922148694426879E+00   -0.135959641658393693E+00    0.154255863446973862E+01    0.510024583283170596E+01    0.128739882240991506E+02
    0.141181711395595144E+01    0.764419414860848634E+00    0.893992373114461114E+00   -0.132150352092034851E+00    0.154330974212769911E+01    0.509318207700187209E+01    0.126462322335175372E+02
    0.141181711395595144E+01    0.764419414860848634E+00    0.893992373114461114E+00   -0.132150352092034851E+00    0.154330974212769911E+01    0.509318207700187209E+01    0.126462322335175372E+02
    0.141384941962508215E+01    0.764002083048696545E+00    0.893095607453465834E+00   -0.138362510883379031E+00    0.154368414542865673E+01    0.509885224791956482E+01    0.125042227298607713E+02
    0.140983987296345958E+01    0.764456739627578319E+00    0.895521066669366816E+00   -0.134127374595294668E+00    0.154346970280587836E+01    0.509469743590598156E+01    0.123057520788359511E+02
    0.141256056609408809E+01    0.764586026110243289E+00    0.893483253694513757E+00   -0.136886559814859865E+00    0.154370209185046403E+01    0.509728193497998205E+01    0.130235905798472231E+02
    0.141256056609408809E+01    0.764586026110243289E+00    0.893483253694513757E+00   -0.136886559814859865E+00    0.154370209185046403E+01    0.509728193497998205E+01    0.130235905798472231E+02
    0.141256056609408809E+01    0.764586026110243289E+00    0.893483253694513757E+00   -0.136886559814859865E+00    0.154370209185046403E+01    0.509728193497998205E+01    0.130235905798472231E+02
    0.141125867453039966E+01    0.764429967548744704E+00    0.894272924904953581E+00   -0.130991222762808945E+00    0.154343712265326749E+01    0.509167583652625133E+01    0.127361022313016861E+02
    0.141014460639457795E+01    0.764286394594865914E+00    0.896981454604832251E+00   -0.136894430145988011E+00    0.154287907365150145E+01    0.509990951484096833E+01    0.120274763368342974E+02
    0.141058734892732573E+01    0.763453620306443037E+00    0.894672967819709841E+00   -0.133017217667664056E+00    0.154440101529234597E+01    0.509003473694741970E+01    0.120649072723195445E+02
    0.141457889541173287E+01    0.764348422801070404E+00    0.892400480129777018E+00   -0.137790710968543451E+00    0.154320052553873466E+01    0.510026170255121691E+01    0.120239166719454715E+02
    0.141067452099449397E+01    0.763856917100741217E+00    0.894522056674452948E+00   -0.133715983950168038E+00    0.154420689207826634E+01    0.509150578280411192E+01    0.121808367037338030E+02
    0.141110767656295444E+01    0.764898469985712981E+00    0.894636524858032356E+00   -0.135213290273625830E+00    0.154346062379432847E+01    0.509622269933412664E+01    0.129073742778624592E+02
    0.141110767656295444E+01    0.764898469985712981E+00    0.894636524858032356E+00   -0.135213290273625830E+00    0.154346062379432847E+01    0.509622269933412664E+01    0.129073742778624592E+02
    0.141041403264116916E+01    0.764296818382139587E+00    0.896313613951580157E+00   -0.139120198526603289E+00    0.154297205921035041E+01    0.510218674920059101E+01    0.124451422535215102E+02
    0.141195973611241143E+01    0.763864036884881692E+00    0.894553566759564545E+00   -0.130806732112658253E+00    0.154357335000909890E+01    0.509100561621734293E+01    0.120528224814638065E+02
    0.141414351292118923E+01    0.763276515644189080E+00    0.892087116648651257E+00   -0.132290220131553227E+00    0.154436517257328898E+01    0.508951408153649076E+01    0.126619705025916574E+02
    0.141056498720990930E+01    0.765485942275145992E+00    0.896855250837914175E+00   -0.142613556073467151E+00    0.154186237802610160E+01    0.511016664249387453E+01    0.123248210516941867E+02
    0.141152204547956472E+01    0.766023002519759633E+00    0.896225384726075380E+00   -0.142914630146073307E+00    0.154137298326510330E+01    0.511279859692825056E+01    0.121377000391900083E+02
    0.141252198638576942E+01    0.764210676568026326E+00    0.894077636822917077E+00   -0.133316088882406092E+00    0.154286663222308951E+01    0.509660118378833271E+01    0.123583749699545251E+02
    0.141020455983839987E+01    0.764436542035580313E+00    0.895827996788900349E+00   -0.133720577956557563E+00    0.154333923624910208E+01    0.509497326088455349E+01    0.126617972403081467E+02
    0.141020455983839987E+01    0.764436542035580313E+00    0.895827996788900349E+00   -0.133720577956557563E+00    0.154333923624910208E+01    0.509497326088455349E+01    0.126617972403081467E+02
    0.141074014420752647E+01    0.764571376195312347E+00    0.896783967838795770E+00   -0.138150311852600183E+00    0.154219668923155306E+01    0.510424417056419344E+01    0.122640292565449158E+02
    0.141247088981638136E+01    0.764799878236796404E+00    0.893475194174730092E+00   -0.132714772357410027E+00    0.154339709481820675E+01    0.509396704487443763E+01    0.127411565125347011E+02
    0.141247088981638136E+01    0.764799878236796404E+00    0.893475194174730092E+00   -0.132714772357410027E+00    0.154339709481820675E+01    0.509396704487443763E+01    0.127411565125347011E+02
    0.141122055626223997E+01    0.763756905245070783E+00    0.895448817389529639E+00   -0.134830874950118584E+00    0.154352817852290025E+01    0.509596097949022386E+01    0.120820919826233535E+02
    0.141152431410290902E+01    0.764008480240593202E+00    0.895508880781148653E+00   -0.138600843009772490E+00    0.154351722177107797E+01    0.509938118748059921E+01    0.121704560728142610E+02
    0.141269790068470513E+01    0.762860461358436770E+00    0.893490002031066433E+00   -0.129208942732176979E+00    0.154422197240172232E+01    0.508623443699722522E+01    0.120223934032921420E+02
    0.141146342739597586E+01    0.763947812619382383E+00    0.893533473256026944E+00   -0.131550693352199488E+00    0.154422472927119858E+01    0.508963470252331085E+01    0.122963568433049204E+02
    0.141241325626874925E+01    0.765285166130268646E+00    0.894282174216777470E+00   -0.137421043099609008E+00    0.154272764471241475E+01    0.510186586030375011E+01    0.127838606233304972E+02
    0.141241325626874925E+01    0.765285166130268646E+00    0.894282174216777470E+00   -0.137421043099609008E+00    0.154272764471241475E+01    0.510186586030375011E+01    0.127838606233304972E+02
    0.141273736507412551E+01    0.765847474776290449E+00    0.894548782489828054E+00   -0.140522714378782609E+00    0.154191493635751242E+01    0.510779212660619208E+01    0.122757987764203449E+02
    0.141229681288885622E+01    0.766123433148537925E+00    0.893734118893486418E+00   -0.137961493135232871E+00    0.154264050776041151E+01    0.510234138014743177E+01    0.124568162715740982E+02
    0.141097034970558255E+01    0.764542981112309006E+00    0.895832766084808885E+00   -0.139899333860338260E+00    0.154276342848450487E+01    0.510366509007275315E+01    0.122460420203238982E+02
    0.141096956678738117E+01    0.763722291201119230E+00    0.894582729388274212E+00   -0.132952763034580812E+00    0.154411764783910455E+01    0.509090078374013100E+01    0.126360928266426527E+02
    0.141096956678738117E+01    0.763722291201119230E+00    0.894582729388274212E+00   -0.132952763034580812E+00    0.154411764783910455E+01    0.509090078374013100E+01    0.126360928266426527E+02
    0.141232113613792798E+01    0.764760652660386508E+00    0.893428921487639971E+00   -0.133172339558594643E+00    0.154351069906623195E+01    0.509321873856894491E+01    0.121505282669946837E+02
    0.141027114037217771E+01    0.764832917724264094E+00    0.897164702832887628E+00   -0.138926623968382401E+00    0.154233917983539270E+01    0.510413518680858225E+01    0.120548588658477343E+02
    0.141142474028554332E+01    0.765696659014152958E+00    0.895293747246801885E+00   -0.138220195226647746E+00    0.154199619421512013E+01    0.510573298504404338E+01    0.124296652983229023E+02
