    0.153854461574705247E-95   -0.207924517304980554E+03   -0.876165448802979085E-03    0.992929824465161648E+00    0.999562603390446114E+00
    0.169048441252875772E-95   -0.208152873720231469E+03    0.647210709342260770E-03    0.100797940532832908E+01    0.100054415331369762E+01
    0.148245887356448023E-93   -0.217140588067682756E+03   -0.110487134999566194E-01    0.101491382983971912E+01    0.100257541789698501E+01
    0.167239189237518425E-93   -0.217421693592397332E+03    0.121000079618109879E-01    0.100206587351812848E+01    0.991277545751200639E+00
    0.711251837283397485E-93   -0.220356896612465334E+03    0.714795475188445550E-02    0.999021839766227826E+00    0.100135115054058299E+01
    0.137075544227236500E-90   -0.230919418416345252E+03   -0.296992181104727138E-02    0.986535925124783164E+00    0.100950227326124642E+01
    0.234570278287182452E-90   -0.232033864507555450E+03    0.843730158517352891E-02    0.999406497227754320E+00    0.999850317504274333E+00
    0.406219523679453583E-90   -0.233172141457594080E+03    0.144907855638187755E-01    0.993795741018447254E+00    0.996953153690383287E+00
    0.234943804200237298E-86   -0.250537727486126926E+03    0.535317378625599360E-02    0.990577656230067216E+00    0.100693553745779396E+01
    0.246023521302923837E-84   -0.259880229441961376E+03    0.573993356192303850E-02    0.982600859727902232E+00    0.100410277298303230E+01
    0.441028066534802329E-83   -0.265692762367836849E+03   -0.567291575118034075E-03    0.100827266466594812E+01    0.100081047933845779E+01
    0.465109989323156321E-83   -0.265839093162713141E+03   -0.489648789629626435E-02    0.100275854657283015E+01    0.100668199129477887E+01
    0.393110476637870240E-82   -0.270147896887914953E+03    0.651660439565837635E-02    0.981549900031555400E+00    0.100520205979083332E+01
    0.569745668108042335E-82   -0.270930095651012834E+03   -0.469545053210218555E-02    0.989374934489029134E+00    0.100975504248621739E+01
    0.632328997439021122E-82   -0.271178535169644761E+03   -0.459234263860786029E-02    0.994049112509584942E+00    0.100997475032164030E+01
    0.148836609044012182E-80   -0.277535754134406659E+03    0.100411994360527501E-02    0.995550948867115593E+00    0.100710454854070020E+01
    0.639276032620271525E-80   -0.280490728567154292E+03   -0.126350005382178665E-01    0.101815649334085889E+01    0.999674592653756466E+00
    0.262590117348175819E-78   -0.287961584919661391E+03    0.100310623911870067E-01    0.993618084825943715E+00    0.100159723291867775E+01
    0.141228807133047245E-77   -0.291366329092597027E+03    0.603920090361498296E-02    0.100092922163996190E+01    0.991794984587129447E+00
    0.191521683521460188E-77   -0.292015568515225368E+03   -0.123100619196527816E-01    0.101741119711462291E+01    0.996383129427244274E+00
    0.192130499450773425E-75   -0.301272256474598464E+03   -0.130382539959690291E-01    0.101732299885207134E+01    0.100002570566506499E+01
    0.199848842923736349E-75   -0.301391029413859940E+03    0.108591779796540777E-02    0.990955364389995319E+00    0.100030738783442508E+01
    0.641497300240918440E-75   -0.303763516774099969E+03   -0.313534138737026069E-02    0.100243372355242810E+01    0.995856945109015013E+00
    0.189775877318965161E-74   -0.305972764574683993E+03    0.927463358843638730E-02    0.100378714221834819E+01    0.994129659847272196E+00
    0.152598866118537230E-72   -0.314787042757804045E+03    0.790050972498512749E-02    0.998550109913640016E+00    0.992404022069786285E+00
    0.631325287553283465E-72   -0.317667059862768156E+03    0.539061671812213206E-02    0.986078112291912223E+00    0.100771811725699845E+01
    0.750170016514838471E-72   -0.318052017120043956E+03    0.274235341635176155E-02    0.100464344396558825E+01    0.991774429953805381E+00
    0.912666579523604950E-72   -0.318484158624387248E+03    0.585594526697086337E-02    0.989557386449165577E+00    0.100646004243774545E+01
    0.237058284422031221E-71   -0.320433199640441785E+03    0.921264862092030512E-02    0.999878246001267179E+00    0.991771531146980467E+00
    0.249491331317578252E-71   -0.320575435907718088E+03   -0.123295929992384146E-01    0.101789684480889853E+01    0.997159782273059347E+00
    0.334778631960369560E-71   -0.321203526593542676E+03   -0.798123340194578645E-02    0.101758337786105746E+01    0.997711119705730787E+00
    0.400863783024850515E-71   -0.321603830919764221E+03    0.759777507941983288E-02    0.984343873347233611E+00    0.100174528590377432E+01
    0.459824763900808532E-69   -0.331128618876679127E+03   -0.421669751036191087E-03    0.101385856728307733E+01    0.990937910832798807E+00
    0.133759050167789192E-68   -0.333304178221528389E+03    0.593682910026593902E-02    0.100221843066533012E+01    0.991719106450399623E+00
    0.144198676730630670E-68   -0.333494482221309568E+03   -0.135949826638235294E-01    0.101015851707917426E+01    0.100423711701526774E+01
    0.306548432013603174E-68   -0.335042849643443844E+03    0.831268845712607174E-02    0.100479377420059990E+01    0.991487896876814156E+00
    0.586751372758051328E-68   -0.336381300473591807E+03   -0.503680095905245651E-02    0.992954572913522404E+00    0.100942114219328571E+01
    0.127012280012921375E-64   -0.351781346418493570E+03   -0.926346574107661525E-02    0.999222009417886969E+00    0.100407120503032177E+01
    0.476509548818440957E-64   -0.354465754393668078E+03   -0.628862874869007271E-02    0.995075174490768322E+00    0.100424345988997099E+01
    0.683526995292558552E-64   -0.355227311171009376E+03   -0.813822704740019276E-02    0.101457027508005515E+01    0.994481914831470082E+00
    0.227253798599015906E-63   -0.357670083951733318E+03    0.127074361247192513E-01    0.991365902752104455E+00    0.995548549763895618E+00
    0.386144025167158156E-60   -0.372585880456980931E+03   -0.177127962394862948E-02    0.989558868578329420E+00    0.100876807894050802E+01
    0.294546331596776022E-59   -0.376689502426089405E+03   -0.830771481945724588E-02    0.100220118486657062E+01    0.100711355281343784E+01
    0.567210729009819099E-59   -0.378040091580400883E+03   -0.976809248390964058E-02    0.101463941637195387E+01    0.996021932552833555E+00
    0.664123881885278134E-59   -0.378395567201193330E+03    0.440431317950462642E-02    0.100895224783518267E+01    0.991576891055213627E+00
    0.967878172834509100E-59   -0.379188842248528374E+03   -0.718042040834276918E-02    0.101755750168707126E+01    0.994577818037964523E+00
    0.100527082730719592E-57   -0.383909824513018862E+03   -0.317573243404467576E-02    0.997741574961822253E+00    0.999373999484646336E+00
    0.301730269557883017E-56   -0.390753207299043709E+03   -0.799791313248299218E-02    0.997927735332832855E+00    0.100792535926849580E+01
    0.100127435336594754E-55   -0.393192197998897825E+03   -0.662289777626590137E-02    0.100439154496805849E+01    0.100553026975118232E+01
    0.141350858884780526E-54   -0.398526971049615042E+03    0.606604284636347302E-02    0.997533980883620996E+00    0.100169264816098025E+01
    0.309170666436994563E-52   -0.409342607986736766E+03   -0.187831194950049962E-02    0.101091257829335124E+01    0.992598425590769495E+00
    0.913406863730841689E-51   -0.416154354117156061E+03   -0.431193315895406215E-02    0.101154165655754991E+01    0.999577221695297835E+00
    0.419380981616407013E-50   -0.419242721014314327E+03   -0.848229567404601426E-02    0.999496049840887135E+00    0.100391919681719832E+01
    0.240371831997925002E-49   -0.422774705707528994E+03   -0.216014765111616214E-02    0.101207959644844125E+01    0.997392429169666972E+00
    0.110826652410300942E-47   -0.430476606611904913E+03   -0.776562670509228781E-02    0.100283285352043405E+01    0.100048776828528552E+01
    0.391985764077299170E-46   -0.437648293262684035E+03    0.511325836662024358E-03    0.101191381134909753E+01    0.993210534387432897E+00
    0.769887272157528609E-45   -0.443643500611338425E+03    0.120328877332376294E-02    0.988486452987979325E+00    0.100447433412958720E+01
    0.123780640386039795E-44   -0.444633204528417480E+03   -0.110948526090268729E-01    0.101276843375781200E+01    0.999916257919640561E+00
    0.160452112429099142E-44   -0.445192173654902206E+03   -0.996549225778231573E-02    0.101374436969977078E+01    0.999759937904585838E+00
    0.270983728189768559E-44   -0.446280300139650535E+03   -0.388217630817067061E-02    0.101415757224191116E+01    0.993870979002655086E+00
    0.245649356672512363E-43   -0.450729163054110529E+03   -0.102334536618329253E-01    0.100892293549826029E+01    0.100323625780322923E+01
    0.131957577989399819E-42   -0.454131483944762920E+03   -0.640675978911531274E-02    0.101096499676692142E+01    0.100076764442747979E+01
    0.407194330128700102E-41   -0.461030274228809049E+03   -0.639186904470179229E-03    0.100272660124355850E+01    0.100285096807279017E+01
    0.112408225007249041E-40   -0.463101137554616059E+03    0.887600612312233750E-02    0.992473625264477022E+00    0.100124189342724979E+01
    0.157805588381690694E-40   -0.463819590976843926E+03    0.722430121540540426E-02    0.992074644056859967E+00    0.997534546804308864E+00
    0.135804466885998686E-39   -0.468164465734009013E+03   -0.702661643031277094E-02    0.101449781305781839E+01    0.997261047155160063E+00
    0.117117499007107282E-38   -0.472513559096343442E+03    0.202124514466994754E-02    0.100847431107597085E+01    0.992960466608169390E+00
    0.306692203415797959E-38   -0.474478893004417614E+03    0.145832932028611140E-02    0.100270221275532023E+01    0.100130607701234364E+01
    0.686015329961941011E-38   -0.476129003653304380E+03   -0.535711807933481055E-02    0.999236847552355534E+00    0.100124474009697040E+01
    0.178625705436167202E-37   -0.478082959061573490E+03   -0.178201094766095025E-02    0.100730674631937833E+01    0.994347215493200376E+00
    0.285183158842086168E-36   -0.483663807349468186E+03   -0.616772885649652380E-02    0.101032985163387012E+01    0.996025341594525715E+00
    0.346315265687579127E-36   -0.484092243141960580E+03    0.733212525620530187E-03    0.101030834778036338E+01    0.994728861490613570E+00
    0.253064659887910514E-35   -0.488110004320057442E+03    0.645345867327939970E-02    0.998368269935516306E+00    0.994777264437050279E+00
    0.352697551211282433E-35   -0.488813936051027383E+03   -0.102832138597452882E-01    0.100830758934835929E+01    0.100222515333461004E+01
    0.186253858424759409E-34   -0.492182105595377038E+03    0.489477728442366811E-02    0.100371377440670018E+01    0.993546929604551599E+00
    0.216612461836463937E-34   -0.492524104182103599E+03    0.197319089718206442E-02    0.100364810998452603E+01    0.994148365702102188E+00
    0.121587892373449232E-33   -0.496014329425080746E+03    0.635194316512155410E-02    0.999937639120854760E+00    0.998600137256380749E+00
    0.219820987399135158E-33   -0.497238681677493275E+03   -0.717440735690111353E-02    0.100353237807784246E+01    0.100035166203263826E+01
    0.247856643280802985E-32   -0.502123925875997656E+03   -0.679500557637702229E-02    0.100952804441998589E+01    0.997049032113764166E+00
    0.408243457417141264E-32   -0.503161952232113322E+03   -0.684022874011525062E-02    0.101269030657390702E+01    0.996595265734885549E+00
    0.443607403266491665E-32   -0.503368104709305499E+03   -0.243394327805646071E-02    0.100797630654200443E+01    0.994779823417614839E+00
    0.622388932171878427E-32   -0.504085355200925733E+03    0.216646686730825877E-02    0.100586890934896300E+01    0.997937159370821725E+00
    0.528572653682468155E-31   -0.508403755541205953E+03    0.186501357630497466E-02    0.989418283227846307E+00    0.100455361817348510E+01
    0.874763429301862019E-31   -0.509451301973081740E+03    0.947314164999646380E-02    0.994407535273905796E+00    0.997847869323302827E+00
    0.129624186308810602E-30   -0.510277843971009133E+03   -0.514934284769807959E-02    0.996881001286795021E+00    0.100608281138894551E+01
    0.449071794501902025E-30   -0.512802930739745648E+03    0.422431485688079533E-02    0.989617784848889515E+00    0.100479783902306119E+01
    0.630747772610907174E-29   -0.518127547490839561E+03   -0.160973163705513400E-02    0.992435729836791625E+00    0.100572420956262953E+01
    0.241016866461745844E-28   -0.520848639397186844E+03    0.355106304087371427E-02    0.994514095109396812E+00    0.998380650644531853E+00
    0.764820190720195040E-28   -0.523198187087244264E+03    0.555649336706487418E-02    0.100098170178132206E+01    0.998171202301493476E+00
    0.157083316158213744E-27   -0.524677628431967378E+03    0.743194175957029302E-02    0.999227327892682315E+00    0.996954553682377509E+00
    0.513253414277351086E-27   -0.527085615166747402E+03   -0.210610217729545468E-02    0.101075426768066956E+01    0.996535574825003878E+00
    0.618374706921032643E-27   -0.527498264941649495E+03   -0.836388576823310359E-02    0.100355449081638781E+01    0.100362552724652132E+01
    0.610875484330367861E-27   -0.527513862047328303E+03    0.230152368058256229E-02    0.989796906205288707E+00    0.100441673360513661E+01
    0.134705627425130929E-26   -0.529135429656468659E+03    0.831806800627710174E-02    0.996875608973146865E+00    0.996631087992744913E+00
    0.201340254709056014E-26   -0.529979238509182096E+03   -0.895927820421960064E-02    0.100655343075796289E+01    0.100201292252812202E+01
    0.372543400243348220E-26   -0.531249953019948862E+03    0.165347039861529765E-02    0.990465643776714422E+00    0.100381476436102868E+01
    0.100784211085122063E-25   -0.533280379537047111E+03    0.563772062559131371E-02    0.998635435489374723E+00    0.995531104023036351E+00
    0.187361337600591109E-25   -0.534560494200479297E+03   -0.561414546469407583E-02    0.999186021385703338E+00    0.100533901793706892E+01
    0.348066420946778009E-25   -0.535839202775134027E+03    0.377803831177736527E-02    0.998268566649218148E+00    0.100156262856319689E+01
    0.446224477094612444E-25   -0.536376060396975504E+03    0.572788784760192016E-02    0.100214012110433259E+01    0.996231485647826154E+00
    0.483912669467509798E-25   -0.536578225033334206E+03   -0.132212861611691324E-02    0.992981691707042646E+00    0.100552353120925586E+01
    0.524710523453580551E-25   -0.536780109575681990E+03    0.589390301420422702E-02    0.997108918304549618E+00    0.100038512528540546E+01
    0.983220114758289642E-25   -0.538076082155436552E+03   -0.444956790824058146E-02    0.101162878504317044E+01    0.996563599192841876E+00
    0.417002912707722168E-24   -0.541005772721788730E+03   -0.753083560862499723E-02    0.100673048025502876E+01    0.100250331143798288E+01
    0.226545452897503668E-23   -0.544430647694076242E+03   -0.703419851399367246E-02    0.100392118411016917E+01    0.100375305186745800E+01
    0.233472064896242435E-23   -0.544530881361473348E+03    0.179676004666617928E-02    0.100725670024043223E+01    0.995439241930085150E+00
    0.237144579034782868E-23   -0.544602096480924729E+03   -0.672601901188585316E-02    0.101090928809601643E+01    0.997929208429101600E+00
    0.510184475413083389E-23   -0.546174301248028769E+03   -0.515347500818919002E-02    0.100853404908476341E+01    0.996912945508628523E+00
    0.177863321151226879E-22   -0.548711957473668122E+03   -0.138925324834815456E-02    0.996733578919466567E+00    0.100509029751220558E+01
    0.225341766224525517E-22   -0.549225163101890757E+03    0.509237416220109651E-02    0.993949990270251993E+00    0.100251286740453294E+01
    0.257745779794412084E-22   -0.549533874179417808E+03   -0.116077121944435646E-02    0.999619014389119931E+00    0.998424639834386674E+00
    0.385618009420099198E-22   -0.550379621213541668E+03    0.519758023313343642E-02    0.100243537518128489E+01    0.996226112744607151E+00
    0.579221742005316781E-22   -0.551233297437114061E+03   -0.100098276611859660E-02    0.993074902214768351E+00    0.100498466358316896E+01
    0.705303147140267043E-22   -0.551667182093063161E+03   -0.564377833876683610E-02    0.101056252139954106E+01    0.998705206761939968E+00
    0.714411741028767353E-22   -0.551732845608870775E+03    0.646792119416517153E-02    0.999567356722990241E+00    0.995867080493857637E+00
    0.153365028660377606E-21   -0.553300738642599754E+03   -0.800097624957274434E-02    0.100710670618280806E+01    0.100063545785969943E+01
    0.193562385432811344E-21   -0.553806296598074823E+03   -0.404793158866922909E-02    0.996824613376399826E+00    0.100509033980134821E+01
    0.663384228623728835E-21   -0.556309805571734046E+03    0.220026359360403490E-02    0.100623827207811023E+01    0.995127936911932021E+00
    0.780598556472172539E-21   -0.556675218877364159E+03    0.460921722210905216E-02    0.996065306952536034E+00    0.100179125019895299E+01
    0.178905680990964602E-20   -0.558373984542632002E+03    0.680460598326426691E-02    0.995908405835799315E+00    0.997116671573084923E+00
    0.222252095919215576E-20   -0.558847891661985500E+03   -0.295122340858000598E-02    0.101021224289598899E+01    0.996261034077220997E+00
    0.117233438532579111E-19   -0.562213771534680518E+03   -0.187257430427578697E-03    0.100582925895144748E+01    0.995292646570748563E+00
    0.119119893254207323E-19   -0.562285698222870224E+03    0.232099188582779448E-02    0.995444429695319544E+00    0.999050307065939003E+00
    0.174925523227040926E-19   -0.563094157841915603E+03   -0.734241053446638148E-02    0.100852253800326985E+01    0.100046624705104148E+01
    0.426383291700863843E-19   -0.564916114613394029E+03    0.548470478831042385E-02    0.995804908137527534E+00    0.997469425281280575E+00
    0.418603934251955931E-19   -0.564919287655485050E+03    0.515020457839021617E-02    0.998301735180143757E+00    0.996338643127650525E+00
    0.495724136548049228E-19   -0.565297476429733365E+03    0.178158667974059881E-02    0.100468650905371892E+01    0.995064531842192679E+00
    0.170944540314615042E-18   -0.567813285780851629E+03    0.591986175274605841E-02    0.991503784710088820E+00    0.100069698251160544E+01
    0.195822750041948552E-18   -0.568125027251448955E+03    0.146972305940806791E-02    0.996343848106150509E+00    0.100362967589749408E+01
    0.243827853604042505E-18   -0.568603532340911329E+03    0.123022242825499006E-02    0.996507281404194090E+00    0.100368934881383542E+01
    0.349536587701124209E-18   -0.569363823908416862E+03    0.730243880963854508E-02    0.995618644577556666E+00    0.998326331926493227E+00
    0.248448518488813851E-17   -0.573326248920365515E+03   -0.114202373917393629E-02    0.100029201132397172E+01    0.100317022031462288E+01
    0.252623293349291987E-17   -0.573399576450400673E+03   -0.157811863546797326E-02    0.998117163533391194E+00    0.100429340073942885E+01
    0.564546826391892241E-17   -0.575047824274591221E+03   -0.434401542345597136E-02    0.998166725971036284E+00    0.100432994452143687E+01
    0.653845429564221769E-17   -0.575381519564917198E+03   -0.554668351104936619E-02    0.100009009569243390E+01    0.100328838039074286E+01
    0.837996208784283280E-17   -0.575917804763031540E+03   -0.645251321261497424E-02    0.100839981960442393E+01    0.100014644341048697E+01
    0.111508415468019741E-16   -0.576529147922526590E+03    0.459035096294968525E-03    0.996257484245017255E+00    0.100404040492115199E+01
    0.231353913542678665E-15   -0.582634015244956800E+03    0.501097720594323448E-02    0.993547462241663792E+00    0.999514257588902777E+00
    0.251246133720294206E-15   -0.582838984124465469E+03    0.509456723190204741E-02    0.998075933389738656E+00    0.999635998103228562E+00
    0.435159660978774452E-15   -0.583977543983271516E+03    0.470744748239759758E-02    0.100145240758760701E+01    0.996713124900508785E+00
    0.661103583580388180E-15   -0.584853939052226906E+03    0.197605106640708073E-02    0.100133894046253080E+01    0.100033721475809578E+01
    0.790203813811305640E-15   -0.585250699791017610E+03    0.346098198113153899E-02    0.995868164905460596E+00    0.100226041745317218E+01
    0.105001878093104310E-14   -0.585859244641496730E+03   -0.838923864165508348E-03    0.100649193544663751E+01    0.998588026208581558E+00
    0.146248875849321814E-14   -0.586561907767463708E+03   -0.523626448935488042E-02    0.100863819019444878E+01    0.998196981678677986E+00
    0.198385999909099859E-14   -0.587211717423072969E+03    0.289607008234327168E-03    0.100454345053197214E+01    0.999312625915669384E+00
    0.251558982201805051E-14   -0.587726643135741710E+03   -0.338190855411113489E-02    0.100503213871513331E+01    0.100137081143696127E+01
    0.414048670953935903E-14   -0.588763255227511650E+03   -0.480498434891529769E-02    0.100881214536070996E+01    0.998697271085348559E+00
    0.718556797405754087E-14   -0.589905777673035686E+03   -0.482574100111143878E-02    0.100204365903343562E+01    0.100332765353013476E+01
    0.138038618826205808E-13   -0.591251525339436057E+03    0.363798576531415563E-02    0.998182217572332942E+00    0.100081707103340301E+01
    0.142634804734820544E-13   -0.591357033455634792E+03   -0.476232839369217231E-02    0.100571283091190766E+01    0.100140859703815210E+01
    0.328306454334099644E-13   -0.593064353322648913E+03   -0.245980214728547253E-03    0.100248705213010747E+01    0.100109452123212828E+01
    0.329660496201061793E-13   -0.593112585005272649E+03    0.459157747748761835E-02    0.993743680050582334E+00    0.999825900346709706E+00
    0.442217579465278513E-13   -0.593740062398668783E+03    0.620078711635230206E-02    0.996188806115115288E+00    0.998679169233879227E+00
    0.483403522733330323E-13   -0.593958161865590682E+03    0.501336570870414278E-02    0.998612645886213457E+00    0.999007927140184271E+00
    0.707840235197393956E-13   -0.594760895177744942E+03   -0.395419581114708762E-02    0.100835996680750184E+01    0.998621416704568832E+00
    0.798670437642850612E-13   -0.595042355138578955E+03    0.205248639378652342E-03    0.999123564301197975E+00    0.998503402504301696E+00
    0.825672207942326605E-13   -0.595148854058434154E+03    0.133643856932508243E-02    0.996733756398307857E+00    0.999332419028042374E+00
    0.892984701505004799E-13   -0.595345597252600555E+03    0.166381638505797014E-02    0.100107653106438166E+01    0.100057347986888789E+01
    0.182277219869296933E-12   -0.596812685968876849E+03    0.568126619588937842E-03    0.994165497302666901E+00    0.100380976818638157E+01
    0.321448784816203784E-12   -0.597987305000797278E+03   -0.257561059667565928E-02    0.100092871393680971E+01    0.100308817073300394E+01
    0.546502227859165252E-12   -0.599088705308682393E+03   -0.427941850673718704E-02    0.100747377854330389E+01    0.999615063833587669E+00
    0.612397289157495409E-12   -0.599356391014647215E+03   -0.358434933613338558E-02    0.100702104044276108E+01    0.999700317593665400E+00
    0.855718944004667836E-12   -0.600065512511844531E+03    0.467950809855466332E-02    0.997408985189305430E+00    0.997644366909744340E+00
    0.910635849760935183E-12   -0.600229914723294996E+03    0.103892139062011779E-02    0.998080215567619611E+00    0.998724568532563972E+00
    0.119053998569559787E-11   -0.600805953045626666E+03   -0.529026218078954003E-02    0.100208854461149199E+01    0.100172145060502293E+01
    0.138043300223070772E-11   -0.601141933537612204E+03   -0.449158890736711669E-02    0.100409159195818520E+01    0.999352819726811004E+00
    0.168627107967222655E-11   -0.601582178356998611E+03    0.321851781187199038E-02    0.997925752475859906E+00    0.997781680777806379E+00
    0.174507133940909238E-11   -0.601690729972243275E+03   -0.337175107435605526E-02    0.999465604814871456E+00    0.100136651092824325E+01
    0.238680747415548470E-11   -0.602357052474470720E+03   -0.426147673556442896E-02    0.100782497661534709E+01    0.999012798986189554E+00
    0.344962825196357724E-11   -0.603133672042607031E+03   -0.402078222611024216E-02    0.100751767661652192E+01    0.997916365706044250E+00
    0.416612995891695824E-11   -0.603551114173207111E+03   -0.992187506431818633E-03    0.999329763402351356E+00    0.999341823155911690E+00
    0.794355460924233036E-11   -0.604881860815964501E+03   -0.373991666119266597E-02    0.100353059023515567E+01    0.999060153764159464E+00
    0.101093794675213963E-10   -0.605404066404359696E+03    0.542436805522505949E-02    0.994947111961917319E+00    0.999375910710323501E+00
    0.150476642733689377E-10   -0.606239584660975424E+03    0.329586637251466641E-03    0.998163406613733262E+00    0.100283112141716257E+01
    0.266900775545898232E-10   -0.607425722836573641E+03    0.512445052570420501E-02    0.995859705846306786E+00    0.100010806363201787E+01
    0.289756987803139625E-10   -0.607630054109436401E+03    0.122474914210002339E-02    0.100162099544205674E+01    0.100031169845646151E+01
    0.772327968326844005E-10   -0.609630787490750436E+03    0.497782561359372266E-02    0.996770930587202009E+00    0.998324564388841651E+00
    0.125107063053196721E-09   -0.610635478848514595E+03    0.440302909108325480E-02    0.998139236787400685E+00    0.997693553832375679E+00
    0.230170711113679349E-09   -0.611894781609931897E+03   -0.354872137693185152E-02    0.100183210195059225E+01    0.100005516636913505E+01
    0.225932311444872608E-09   -0.611897609993300193E+03   -0.476692421802482613E-02    0.100316893932799300E+01    0.100217320455508063E+01
    0.849302244819281122E-09   -0.614585969346086131E+03    0.399994394616243198E-02    0.999814083046118740E+00    0.998560473711431085E+00
    0.151163398891733728E-08   -0.615779032011467507E+03   -0.309372888205139418E-02    0.100019977511911362E+01    0.100305534730438883E+01
    0.185589737471119626E-08   -0.616229386334279184E+03    0.480215684754625727E-02    0.997587948976067507E+00    0.998980767985681140E+00
    0.191075498778677688E-08   -0.616327646547242580E+03   -0.617423282267992590E-03    0.998747920714321058E+00    0.999723110753466759E+00
    0.206954498838705526E-08   -0.616527307197687492E+03   -0.359359055575403374E-02    0.100671847410842585E+01    0.998293522272074685E+00
    0.215818782074956148E-08   -0.616651187451578380E+03   -0.123114301645621538E-02    0.100512269122254727E+01    0.999314149607379965E+00
    0.262018521391899417E-08   -0.617079139671424173E+03   -0.402348127376761511E-02    0.100427177040226345E+01    0.100136986838061071E+01
    0.293755294474244226E-08   -0.617347803462304228E+03    0.391992929606033158E-02    0.997121974813334866E+00    0.998443895331641684E+00
    0.357136897880587281E-08   -0.617778547635683026E+03    0.423656598431065845E-02    0.997012053100762019E+00    0.998493473997532410E+00
    0.404195483173813797E-08   -0.618066106544580748E+03   -0.215039484173118467E-03    0.100060190366462098E+01    0.100171939329982829E+01
    0.584899055581859300E-08   -0.618845187839791492E+03    0.441924742137622673E-02    0.997130557657865846E+00    0.999810618059843614E+00
    0.655643917145329345E-08   -0.619113544948908498E+03   -0.338186669384832328E-02    0.100512565938574894E+01    0.998466272079104211E+00
    0.146057753048055336E-07   -0.620755483694844088E+03    0.148749010166682183E-02    0.100027888857068570E+01    0.100068526062541885E+01
    0.187013588713791009E-07   -0.621289842032482511E+03    0.130906748456460775E-02    0.996618220927945719E+00    0.100252592746082714E+01
    0.261783141099851027E-07   -0.622002512380811936E+03   -0.367859582796725704E-02    0.100036033230096599E+01    0.100189502759837246E+01
    0.426040192547608008E-07   -0.623016546851260500E+03    0.121308398948372087E-02    0.100136042988644336E+01    0.997430967421214065E+00
    0.426723818468269385E-07   -0.623059753487836474E+03   -0.140596258097325233E-02    0.100559152683001751E+01    0.998714485278972219E+00
    0.466748515906109492E-07   -0.623279060675783057E+03    0.611158052670646157E-03    0.100387409481097700E+01    0.997010072095386946E+00
    0.777906908717560642E-07   -0.624340693195045333E+03    0.282635471093684032E-02    0.100161167581308463E+01    0.997781925100924338E+00
    0.886344886846470514E-07   -0.624641691745552976E+03    0.334209995224554746E-02    0.999779462324211554E+00    0.999075271417869781E+00
    0.902831547684127434E-07   -0.624718551447415734E+03    0.172133465433432775E-03    0.100453260555822288E+01    0.998225273721804363E+00
    0.104232141020857232E-06   -0.625045890729907114E+03   -0.248986997348765726E-02    0.999362681734396019E+00    0.100124046835466496E+01
    0.206396802204938313E-06   -0.626452250736792848E+03    0.767405881632043929E-04    0.100400137273665813E+01    0.998872866470948861E+00
    0.278763870442804683E-06   -0.627093379818149288E+03    0.320135742961014103E-02    0.999015463248264846E+00    0.999733924795410456E+00
    0.451481949267776754E-06   -0.628097720441373326E+03    0.719132532559285664E-03    0.100009984647937888E+01    0.100117271733439583E+01
    0.497138907929821599E-06   -0.628330388615928996E+03   -0.127260633613168750E-02    0.100239503225522575E+01    0.100104975708022592E+01
    0.508795461799257380E-06   -0.628416741841337171E+03   -0.427486778338703743E-03    0.100216865328243698E+01    0.997975038080620269E+00
    0.507534531484765232E-06   -0.628451779158075738E+03    0.287616087539532828E-02    0.100111185808888448E+01    0.998050426011412584E+00
    0.544480680996302223E-06   -0.628632314579163676E+03   -0.234570678219370166E-02    0.100405273166227693E+01    0.100051232571605109E+01
    0.108249735192698675E-05   -0.630046701683437959E+03    0.233913279117814454E-03    0.999219374389434201E+00    0.999162768838833926E+00
    0.170117246386308387E-05   -0.630990795610097393E+03   -0.315461127954819176E-02    0.100345262107992816E+01    0.999365103313164971E+00
    0.237983703582691575E-05   -0.631702224240163446E+03   -0.178962925468972855E-02    0.100010961723582836E+01    0.100014734997918131E+01
    0.275996708442800180E-05   -0.632038597721620704E+03   -0.759055875022340842E-03    0.998373118585378583E+00    0.100056102149610582E+01
    0.284052864520502749E-05   -0.632136140569225745E+03   -0.309802988060425832E-02    0.100523756598746106E+01    0.999663132972485768E+00
    0.291715890112804437E-05   -0.632229380541294745E+03    0.111011794511384210E-02    0.100198257279970715E+01    0.997547297499096208E+00
    0.287255334375616842E-05   -0.632238562816301737E+03    0.195078174922258540E-02    0.100110053298399548E+01    0.999334216868691283E+00
    0.380982828318638551E-05   -0.632843328450354875E+03    0.428092312432681865E-03    0.100120685017731992E+01    0.998083176538681727E+00
    0.445934267191825499E-05   -0.633198162958552757E+03    0.184125131582035806E-02    0.100159038565985714E+01    0.998978164488560805E+00
    0.472095639190445340E-05   -0.633352183023118982E+03   -0.354313414036333540E-02    0.100478072283475273E+01    0.100008566156971046E+01
    0.537651014090713845E-05   -0.633652239196170058E+03   -0.163503053001434751E-02    0.100073291817303089E+01    0.999660453313523822E+00
    0.556592793669732501E-05   -0.633761487646100363E+03    0.230662647440738056E-02    0.100153104273085214E+01    0.998130064462647404E+00
    0.614541212158976775E-05   -0.633999571828038825E+03   -0.376464823627742362E-02    0.100295068146992761E+01    0.100053836832731613E+01
    0.617296770967963434E-05   -0.634048519639173037E+03    0.728591328773120495E-03    0.996891071420538233E+00    0.100228527403619228E+01
    0.789214776098411235E-05   -0.634579896835902673E+03   -0.143160193982083683E-02    0.999144473605161898E+00    0.100244449247095857E+01
    0.105768075874715938E-04   -0.635205487495334182E+03    0.344639216221587219E-02    0.998392635956835250E+00    0.999328405932017549E+00
    0.119831561630367394E-04   -0.635495164235496532E+03   -0.207812462484824323E-02    0.998896791102620751E+00    0.100221997783201333E+01
    0.137367030424167452E-04   -0.635808302823680719E+03   -0.287007647790282761E-02    0.100108077627666425E+01    0.100073503828441357E+01
    0.139813118123989046E-04   -0.635883603348846577E+03    0.340676859403288290E-02    0.996590802808962728E+00    0.100002454213183078E+01
    0.145465678552754845E-04   -0.636002870373281780E+03    0.366856280313854199E-03    0.100124023727466049E+01    0.100051171179151499E+01
    0.155998259851456785E-04   -0.636182679732958491E+03    0.232291680677398915E-02    0.995979489279271268E+00    0.100136354938722416E+01
    0.175535376713682295E-04   -0.636458671226796923E+03   -0.159736752373262902E-02    0.100018670857240544E+01    0.100208677725344453E+01
    0.182378310348288919E-04   -0.636575156344191328E+03    0.318389628672299807E-02    0.998866343850086102E+00    0.999309617504201664E+00
    0.208008261932345515E-04   -0.636878145627662661E+03    0.257352697406432185E-02    0.996503332286707399E+00    0.100111752425742062E+01
    0.220028865466345801E-04   -0.637030507517001979E+03   -0.346931278363094009E-02    0.100343292331961709E+01    0.100084138019703128E+01
    0.267727547152796012E-04   -0.637462929724792048E+03    0.139377771562188002E-02    0.100137913945301094E+01    0.999475155379447644E+00
    0.449413874274815577E-04   -0.638538878492501226E+03    0.105129987705154804E-02    0.997217210956502953E+00    0.100034673325193291E+01
    0.489991653007902300E-04   -0.638751766740744188E+03   -0.886614790070794356E-03    0.100333299747419069E+01    0.999804921431484361E+00
    0.495853055438877173E-04   -0.638815549275451872E+03   -0.251581828041125277E-02    0.100480343052237342E+01    0.999291268073756900E+00
    0.608026467732551227E-04   -0.639263426855127591E+03   -0.807446221628538296E-03    0.100408648172201054E+01    0.998958072533527308E+00
    0.612973806627271895E-04   -0.639319634438609683E+03    0.243169291883837957E-02    0.100063589691269339E+01    0.998442993932134759E+00
    0.611204968627739037E-04   -0.639353854762417654E+03   -0.490644824338914987E-03    0.997406416828867437E+00    0.100185636455529203E+01
    0.766745573528147573E-04   -0.639847300088073098E+03    0.298770038232376578E-02    0.999006584810041676E+00    0.999184907120019394E+00
    0.803655426855452043E-04   -0.639981331235684934E+03   -0.284390329108852313E-02    0.100081773794487106E+01    0.100160087518710483E+01
    0.789991822005849760E-04   -0.639987035215212813E+03   -0.280988801397086263E-02    0.100313432282311932E+01    0.100083381239230107E+01
    0.793864711795554031E-04   -0.640036816145305806E+03    0.296987064684728352E-02    0.999090554067473713E+00    0.999094933047014022E+00
    0.784089327474060178E-04   -0.640052035932109789E+03    0.167066212530997404E-02    0.998970986032305719E+00    0.100073228800946690E+01
    0.823202848586919846E-04   -0.640189395317973322E+03   -0.295769667685696902E-02    0.100128221786347837E+01    0.100155157837350361E+01
    0.841324835520548565E-04   -0.640272945697241767E+03   -0.288013021567223859E-03    0.100353088542658653E+01    0.997999248432867136E+00
    0.969132498652892650E-04   -0.640595792708298404E+03   -0.814074778698881119E-04    0.100110317909008706E+01    0.100076083437879881E+01
    0.115030056428662051E-03   -0.640978547123096291E+03   -0.184023885067219339E-03    0.997932101156375650E+00    0.100081500736999462E+01
    0.113550861172143059E-03   -0.640992661919371812E+03   -0.187673122661458081E-02    0.100163527341734993E+01    0.999576036735378315E+00
    0.136694010533145485E-03   -0.641403650070347226E+03    0.463340553064739424E-03    0.997891666725093773E+00    0.100032396855963457E+01
    0.152498091149051945E-03   -0.641662464371996066E+03   -0.207543959353628793E-02    0.100033011328453592E+01    0.100188744524146944E+01
    0.155870316090732131E-03   -0.641746208922991627E+03    0.984422944155127766E-03    0.997567910689089787E+00    0.100168466137271972E+01
    0.187364566949010339E-03   -0.642154272763796484E+03    0.630511365315555850E-03    0.100193149877527987E+01    0.999558262545214626E+00
    0.185481526082575081E-03   -0.642174070788642098E+03    0.250752252316921442E-02    0.998132822893782357E+00    0.999212297926406312E+00
    0.189710476711755382E-03   -0.642259158420580547E+03    0.136823768452210004E-02    0.100065430042044268E+01    0.999852313761018796E+00
    0.224460818202220117E-03   -0.642635562539737180E+03   -0.289477124543680020E-02    0.100388800447700932E+01    0.999931939293088878E+00
    0.231083035512564009E-03   -0.642733714428217581E+03    0.913741321749483859E-03    0.997716365997571852E+00    0.100021532103150301E+01
    0.458427665408199481E-03   -0.644143765245551776E+03   -0.198715546965466672E-02    0.100249247277329112E+01    0.999366443009119143E+00
    0.459399083856787817E-03   -0.644187998806241012E+03   -0.438529659502862046E-03    0.998232151486117436E+00    0.100193021410396654E+01
    0.454399976977704219E-03   -0.644206115847651972E+03   -0.456718620142737564E-03    0.100344481733225832E+01    0.998981992030237409E+00
    0.556344107972700183E-03   -0.644650934218254406E+03    0.182879354255760518E-03    0.100254846652623764E+01    0.998219501753424443E+00
    0.609691595439710221E-03   -0.644874066710312036E+03    0.796001234306231709E-03    0.100109154653647692E+01    0.998412348287523899E+00
    0.608377645668638895E-03   -0.644909751847949906E+03   -0.107884164283156281E-02    0.998622986434825166E+00    0.100149746663106853E+01
    0.612327657478915679E-03   -0.644962695268730045E+03   -0.111334670046936424E-02    0.999296782899447122E+00    0.100069887712230399E+01
    0.624817703606882994E-03   -0.645043080080093091E+03   -0.287205609648921723E-02    0.100259888776069728E+01    0.100049706538014282E+01
    0.646418500134078415E-03   -0.645151054468277152E+03    0.141332203048172289E-02    0.100080684956693755E+01    0.998393311043050069E+00
    0.735359698260351765E-03   -0.645448879743950783E+03   -0.219535968965800521E-02    0.100349061794613004E+01    0.100004419568065872E+01
    0.759953079987550606E-03   -0.645554673603200854E+03   -0.103613212502295937E-03    0.100241519050888295E+01    0.998361369094905471E+00
    0.804690031851116629E-03   -0.645709074513499218E+03   -0.754964976300342983E-03    0.100002319239435344E+01    0.999850329239708513E+00
    0.805901186064582505E-03   -0.645752082488280848E+03   -0.194257738766090426E-02    0.100292510181814443E+01    0.999244601435994473E+00
    0.832394161999513819E-03   -0.645856772376247136E+03   -0.937098375910494497E-03    0.100112474058243772E+01    0.100104675451488467E+01
    0.826356441633341104E-03   -0.645882212629850528E+03   -0.952507954373515986E-03    0.998587260896077189E+00    0.100147331291753550E+01
    0.811772515824398162E-03   -0.645886600510140397E+03    0.245930249857018168E-02    0.998390047531776403E+00    0.999401377546740965E+00
    0.997092299069071361E-03   -0.646337846899121359E+03    0.112790759300551713E-02    0.997206065812637377E+00    0.100124208398534953E+01
    0.115419735301044383E-02   -0.646670481112008474E+03   -0.749521385483120639E-03    0.100187399776979325E+01    0.100046026987645176E+01
    0.115528635172326829E-02   -0.646712367245764312E+03   -0.119006439050650670E-02    0.999005035281252063E+00    0.100133575362993410E+01
    0.116548826312976007E-02   -0.646769950990529424E+03   -0.238039087436447971E-02    0.100300711654190833E+01    0.100035432512898304E+01
    0.115077745051027141E-02   -0.646784546287897683E+03   -0.215977020944357889E-02    0.100257416986033010E+01    0.999641526170684913E+00
    0.114015367979048115E-02   -0.646805996892441954E+03   -0.525690262215050552E-03    0.999380214193900662E+00    0.100017317396557681E+01
    0.123479132681757458E-02   -0.647005474751460838E+03   -0.820281106282294559E-03    0.998570437000945721E+00    0.100148745967369668E+01
    0.124781430649727838E-02   -0.647066457704144341E+03   -0.231684429078349297E-02    0.100149958077977264E+01    0.100114321040385179E+01
    0.127387300135648959E-02   -0.647147794506568061E+03   -0.260105640716901121E-02    0.100238853221334612E+01    0.100061358846566395E+01
    0.128785805719964282E-02   -0.647209631607276265E+03   -0.128521308521278854E-02    0.100353494625000050E+01    0.998863510082247608E+00
    0.129987797328214309E-02   -0.647268211558844314E+03    0.119328551923381099E-02    0.997271519768262560E+00    0.100098944653987898E+01
    0.130158202406425896E-02   -0.647310831704497218E+03    0.125735215627287289E-02    0.100046920252104998E+01    0.998638928025017969E+00
    0.128190509877944931E-02   -0.647320365431823575E+03   -0.788480335760510798E-04    0.100248565253688415E+01    0.998457141485925570E+00
    0.129622160814056933E-02   -0.647382577926628755E+03    0.794454214712914109E-03    0.100120325588717440E+01    0.999724012856024191E+00
    0.140168138416950838E-02   -0.647579015781540306E+03    0.383841140543239590E-03    0.100068767920790380E+01    0.100042475808734865E+01
    0.150107480906714968E-02   -0.647756033553921952E+03   -0.203368272266857275E-03    0.100294157007062790E+01    0.998596137233516590E+00
    0.158268146136448335E-02   -0.647901911844115489E+03   -0.360165394909017778E-03    0.100205039154605702E+01    0.100001407588648616E+01
    0.169073327201457952E-02   -0.648073995419329890E+03   -0.133629240476729194E-02    0.999438945694270275E+00    0.100113973846920357E+01
    0.171501016617587243E-02   -0.648142508788932219E+03   -0.321512847774485522E-03    0.999413339693692726E+00    0.100005159599764504E+01
    0.169716535285757177E-02   -0.648161589611817135E+03    0.207128828441227597E-02    0.999671599435602687E+00    0.999158195835747387E+00
    0.190320279396286149E-02   -0.648430747068212554E+03    0.156460632941168853E-02    0.997752861139440617E+00    0.100083191722186626E+01
    0.195496861777356848E-02   -0.648524419054170380E+03    0.139833633170205474E-02    0.100083118369630575E+01    0.998672973048469914E+00
    0.214437091527462740E-02   -0.648749363231678672E+03    0.172986538968444847E-02    0.999797437583546222E+00    0.998938477076174003E+00
    0.230005892858032961E-02   -0.648929540259590453E+03    0.143419598070337884E-02    0.100072980729103200E+01    0.999245546540940111E+00
    0.227694530973809916E-02   -0.648949340308598494E+03   -0.146002637382025569E-02    0.100016062862560839E+01    0.100060209614269335E+01
    0.236423779661336072E-02   -0.649064582142670815E+03    0.892143435507364302E-03    0.997620558801963764E+00    0.100102563521673704E+01
    0.232083043840508119E-02   -0.649067520910570238E+03    0.120447703718618016E-02    0.997573723497846787E+00    0.100075153479201795E+01
    0.244722543502220091E-02   -0.649213580586774015E+03   -0.137230746462790876E-02    0.100303746428015672E+01    0.999764739652734269E+00
    0.247759987019412166E-02   -0.649278251366703103E+03   -0.123736530759543939E-02    0.999646754731853493E+00    0.100085259656043268E+01
    0.244619969529028414E-02   -0.649292742123146127E+03   -0.160445472074677298E-02    0.100302936573264856E+01    0.999238546833910446E+00
    0.242961089123201095E-02   -0.649319133007064352E+03    0.402546475422482786E-03    0.998329468236956008E+00    0.100134945822899835E+01
    0.245829959097963345E-02   -0.649382610547653712E+03   -0.179800938350282991E-02    0.100106285520574301E+01    0.100115006227806980E+01
    0.247216182093902646E-02   -0.649433856770128614E+03    0.102202279445862132E-02    0.999345195867079483E+00    0.100061858593968811E+01
    0.265495219832216807E-02   -0.649616524072399670E+03   -0.199242787576814351E-02    0.100268893876353204E+01    0.999687189524222530E+00
    0.263122093869065611E-02   -0.649638566719551818E+03    0.686271917782477203E-03    0.999334644092993440E+00    0.100085292521826985E+01
    0.277137653950098760E-02   -0.649782359056994665E+03   -0.165405702751719730E-02    0.100191271681281879E+01    0.100069555550628175E+01
    0.277204880737708147E-02   -0.649822844149035973E+03    0.102052719756429155E-02    0.999970625363194587E+00    0.999045379560983715E+00
    0.272167054083506275E-02   -0.649826162494548385E+03   -0.185088075392592089E-02    0.100081374530632172E+01    0.100064624447770711E+01
    0.268705618968320204E-02   -0.649840563254321637E+03   -0.134831892441411583E-02    0.100236953717295973E+01    0.100027272709959236E+01
    0.287302175819913012E-02   -0.650014399478745190E+03   -0.729245455444171853E-03    0.100179270256156627E+01    0.100033247948043957E+01
    0.286048337933270244E-02   -0.650045652020739340E+03    0.177990697486585248E-02    0.999898151958722337E+00    0.999199242177234659E+00
    0.287583423556208749E-02   -0.650096356374232187E+03   -0.627924858164874422E-03    0.100047387770445884E+01    0.999676686269229453E+00
    0.304258710283752737E-02   -0.650249087120484091E+03    0.917073506983001607E-03    0.997891808635616884E+00    0.100101335553355852E+01
    0.302526727506639403E-02   -0.650277669658079958E+03   -0.171095238961704865E-02    0.100084084570032417E+01    0.100113869663687938E+01
    0.299194267967018302E-02   -0.650295516576261889E+03    0.110217982816607218E-02    0.100021081754819541E+01    0.999984690677443000E+00
    0.296912682219751048E-02   -0.650320206592789418E+03   -0.218391973667664274E-02    0.100228313635783839E+01    0.100029119562312707E+01
    0.303483371049456186E-02   -0.650403984036930979E+03    0.234226217052935226E-04    0.100202142724752785E+01    0.998719177712146022E+00
    0.335810027323518159E-02   -0.650646421610550306E+03    0.655527708667946740E-03    0.100152526508320516E+01    0.998733262943797273E+00
    0.360705403955571564E-02   -0.650829453539463884E+03   -0.148077010817004862E-02    0.100302945229424645E+01    0.999541265658790756E+00
    0.370968484407808346E-02   -0.650925564622779348E+03   -0.376712718628269272E-03    0.999338641332562450E+00    0.100130972123393347E+01
    0.394027997096369799E-02   -0.651086174330944004E+03   -0.101628756638305617E-02    0.999700228829118021E+00    0.100131658429850567E+01
    0.391826791022687870E-02   -0.651114970165168188E+03   -0.285469056901632712E-03    0.999019153048340991E+00    0.100132618861980682E+01
    0.390660977527006962E-02   -0.651149010637593960E+03   -0.193584886183195692E-02    0.100134082480925857E+01    0.100079277130455768E+01
    0.394896799130139368E-02   -0.651210579325636218E+03    0.115086945944753438E-02    0.998053034974643483E+00    0.100044233274172067E+01
    0.396980903376026838E-02   -0.651261106754562434E+03    0.118049622058080672E-03    0.100049594015811461E+01    0.999257968069974911E+00
    0.404113569347066930E-02   -0.651336722301560144E+03    0.142210930477126851E-02    0.998080109435253604E+00    0.100043367264865357E+01
    0.414380274771981427E-02   -0.651426898580804618E+03   -0.833259092480886920E-03    0.100126408432973868E+01    0.100064150922894823E+01
    0.418925897537590890E-02   -0.651488718497681703E+03   -0.118429736772540650E-02    0.100276249369326531E+01    0.999238772251463070E+00
    0.419850869455601610E-02   -0.651533129551155525E+03   -0.151734957188054409E-02    0.100272153051848023E+01    0.999869068642717851E+00
    0.427507806174078162E-02   -0.651609275496689634E+03    0.173608917986456390E-03    0.100143161723376495E+01    0.999841753722719884E+00
    0.422194446497016658E-02   -0.651624262363360799E+03   -0.144361980580498539E-02    0.100116170742898314E+01    0.100089573472907500E+01
    0.434364174698962519E-02   -0.651721096989061039E+03   -0.159821494316148005E-03    0.100169126877724213E+01    0.998940198472364371E+00
    0.463149758601939278E-02   -0.651889431309138104E+03   -0.178178083489299866E-02    0.100197887074842917E+01    0.999989731701233509E+00
    0.463386247990861967E-02   -0.651930452270622027E+03   -0.105611256366344719E-02    0.100086523405915329E+01    0.100090994237997766E+01
    0.466039272222619309E-02   -0.651981870211617775E+03   -0.157437326879694695E-02    0.100211679092391903E+01    0.100035481251731984E+01
    0.457900217062754463E-02   -0.651986632987561848E+03    0.165525115709286297E-02    0.999367355501705967E+00    0.999539017901836413E+00
    0.465288158939853886E-02   -0.652058644220755809E+03   -0.122916328328237512E-02    0.100024080803786175E+01    0.100054282665915162E+01
    0.459798387095158596E-02   -0.652074906609122536E+03    0.119228687225358954E-02    0.100055664557907220E+01    0.999386594891010782E+00
    0.454038440016100216E-02   -0.652089694128348810E+03   -0.149701512746425180E-02    0.100260761786515706E+01    0.999889890181467011E+00
    0.449034227587345302E-02   -0.652107528631244008E+03   -0.108882774456198206E-02    0.100033103385298050E+01    0.100110897297941270E+01
    0.454601912145669897E-02   -0.652172174635407373E+03   -0.129200720059685636E-02    0.100273710517864334E+01    0.999599242564958468E+00
    0.472366504077421402E-02   -0.652288840752079295E+03    0.163681714351504581E-02    0.999101719450518289E+00    0.999752378538594000E+00
    0.465268688063565517E-02   -0.652298560525164930E+03    0.578943828653422088E-03    0.100038989330306216E+01    0.100020111060917016E+01
    0.472859965756464422E-02   -0.652370928978508118E+03    0.110639575730253625E-02    0.100072380458729682E+01    0.999236927823754506E+00
    0.478393107989668297E-02   -0.652434195992469768E+03   -0.914388996843484847E-03    0.100255762687525629E+01    0.999584532165771256E+00
    0.509939830900003714E-02   -0.652601915880418574E+03   -0.821849010250730316E-04    0.100123321424627676E+01    0.999115997639565379E+00
    0.518628535871456207E-02   -0.652675706192977486E+03    0.156149413127693037E-02    0.999063803305539344E+00    0.999778005582070639E+00
    0.508983186689511338E-02   -0.652678160368078238E+03    0.419274079810350031E-03    0.998430378253405193E+00    0.100081011178908819E+01
    0.506779849569256174E-02   -0.652709483775222225E+03   -0.100271845503385748E-02    0.100156720010776645E+01    0.999528556810458380E+00
    0.507104116177765820E-02   -0.652750763079878425E+03   -0.866491169801975047E-04    0.998797645391712674E+00    0.100081530263126650E+01
    0.511148109956547150E-02   -0.652806649183289551E+03   -0.119053068397256823E-02    0.100115470921316319E+01    0.999901584834454793E+00
    0.502569809672342993E-02   -0.652812799510167110E+03    0.126615124102968934E-02    0.998512246548027838E+00    0.100040699893635976E+01
    0.494086942748025483E-02   -0.652818753398492390E+03   -0.757653229499055669E-03    0.100063627458097448E+01    0.999843061870087535E+00
    0.485575727307275586E-02   -0.652824000907244567E+03    0.102264076439162466E-02    0.998347089978326219E+00    0.100054521022760401E+01
    0.490828143610988130E-02   -0.652885518507183519E+03   -0.121123924048838205E-02    0.100076472248053117E+01    0.100018024727736043E+01
    0.481232074329105558E-02   -0.652886029673678649E+03   -0.892269760189634553E-03    0.100252595090853935E+01    0.999499346014684931E+00
    0.474664139409987015E-02   -0.652898545358182560E+03    0.904009725019250254E-03    0.998550861650228216E+00    0.100071102475793849E+01
    0.492020354974204936E-02   -0.653010370575227398E+03    0.133571904333962266E-02    0.998613710519395403E+00    0.100012231444137800E+01
    0.569710382067257354E-02   -0.653343586660286405E+03   -0.129646750841061476E-02    0.100042202804811442E+01    0.100069993101267030E+01
    0.578189108948801850E-02   -0.653413132386703523E+03   -0.231138501208150160E-03    0.100039716707428328E+01    0.100067524260107987E+01
    0.586030258524517390E-02   -0.653480073248059284E+03    0.131115725497821245E-02    0.999174569906708276E+00    0.999730909956779046E+00
    0.628916910171414909E-02   -0.653661328699512865E+03    0.664747640117369087E-03    0.100079000256865269E+01    0.999700123968401577E+00
    0.635525497221310111E-02   -0.653722234822831410E+03    0.634376313730200536E-03    0.100068248418684358E+01    0.999165225633265597E+00
    0.651005858724821706E-02   -0.653810367683647428E+03    0.954170783929342292E-03    0.100047567742866006E+01    0.999572772177978353E+00
    0.649604216969442046E-02   -0.653846056961089857E+03    0.736848366862830062E-03    0.100052140588997385E+01    0.999824089289291340E+00
    0.645963328278673435E-02   -0.653874815869758322E+03    0.125170320162304449E-02    0.998977433599453790E+00    0.100011673155736736E+01
    0.633208205879824421E-02   -0.653874928974763748E+03    0.127115953121403891E-02    0.999477517031592932E+00    0.999884014009278843E+00
    0.623645371603714048E-02   -0.653884494184316281E+03   -0.587156322179538392E-03    0.100027101373385574E+01    0.100085671075719662E+01
    0.615421082315788757E-02   -0.653897943840572452E+03   -0.258451714813645594E-03    0.100202080498530921E+01    0.999289021316865811E+00
    0.604087151481263671E-02   -0.653900767356272354E+03   -0.488994146914834005E-03    0.100105215630792554E+01    0.999504957811115924E+00
    0.613936023006836449E-02   -0.653973111851478734E+03    0.583189746709678047E-03    0.100114427808260320E+01    0.999242568997078306E+00
    0.606320738749638408E-02   -0.653988148635993639E+03   -0.148848963117842459E-02    0.100133023372872687E+01    0.100032552658801133E+01
    0.597888437536929929E-02   -0.654000138754643672E+03    0.107510899930929327E-02    0.100007019881512904E+01    0.999732746323710342E+00
    0.590541834030853217E-02   -0.654015411356610457E+03   -0.145228299697208740E-03    0.100012373960600454E+01    0.100071606001489211E+01
    0.592488333371088156E-02   -0.654061992764761726E+03    0.110205495214721338E-02    0.100005622971501018E+01    0.999681819019676010E+00
    0.585933095846944904E-02   -0.654079741624455437E+03    0.844397825989773310E-03    0.100069479161897101E+01    0.999299164979005949E+00
    0.605651732024181742E-02   -0.654185940642629021E+03   -0.451246827937623607E-03    0.100048668588726719E+01    0.100068346588661394E+01
    0.618807857177860066E-02   -0.654268920032279766E+03   -0.950845528729260536E-03    0.100023413276358042E+01    0.100048154283314661E+01
    0.639250533358323714E-02   -0.654373923297198871E+03   -0.211239413394181952E-03    0.100102411223535559E+01    0.999396386049830276E+00
    0.633702893074516993E-02   -0.654396490843533343E+03   -0.634725674107272653E-03    0.100148223886383203E+01    0.999460610429101504E+00
    0.626775143139285309E-02   -0.654414506106016461E+03    0.121461073916862006E-03    0.100155077422226912E+01    0.999422782282500255E+00
    0.617292261539572912E-02   -0.654424015586839346E+03   -0.215515171721136767E-03    0.100183560237276370E+01    0.999473434376199510E+00
    0.641283442197901083E-02   -0.654540273493558402E+03    0.402111568346796844E-03    0.100001092023384941E+01    0.999596625318056042E+00
    0.642945297208484968E-02   -0.654585449692742259E+03   -0.807803551087005189E-03    0.100155505517674737E+01    0.100019293180179991E+01
    0.647820987228296240E-02   -0.654640559207976139E+03   -0.536415041862525754E-03    0.100154631426287777E+01    0.100003741183290784E+01
    0.641367473691418100E-02   -0.654660535549251222E+03   -0.155798160674791575E-03    0.999790827151512240E+00    0.100079386748215127E+01
    0.632849943746012066E-02   -0.654673797076853816E+03   -0.369677531885770350E-03    0.100095270609111853E+01    0.999542277408225432E+00
    0.622482344114115224E-02   -0.654680760930292195E+03   -0.103818897231455765E-02    0.100204792245711705E+01    0.999715941287903087E+00
    0.613466504952055180E-02   -0.654691581732167379E+03    0.164022744577607682E-03    0.999583164647848132E+00    0.100001872799652358E+01
    0.605372055091928790E-02   -0.654705016872377087E+03    0.503606030026304552E-03    0.999504255367399508E+00    0.999876841467107869E+00
    0.596721458873930924E-02   -0.654716231273087715E+03   -0.117896241093617959E-02    0.100163621372558453E+01    0.999871073012522760E+00
    0.591845807011557451E-02   -0.654739822679814665E+03   -0.202361096457437384E-03    0.100078246441969809E+01    0.100034295873378398E+01
    0.581376971628495658E-02   -0.654744129157873203E+03   -0.303382002371677117E-03    0.100133917853247589E+01    0.999364703768942375E+00
    0.575861692749562743E-02   -0.654765065430374761E+03    0.930966941684374660E-03    0.100025884450230951E+01    0.999582667673421854E+00
    0.568762622241844162E-02   -0.654780256726099879E+03    0.305010260536420219E-03    0.999850934263675106E+00    0.999760256590803809E+00
    0.558023380575910135E-02   -0.654782132124511122E+03   -0.102072457687718554E-02    0.100200446196368920E+01    0.999820627503926529E+00
    0.552823860670524116E-02   -0.654803409269794429E+03   -0.112795333944148979E-04    0.100160441365385511E+01    0.999359153587823124E+00
    0.542362303916391932E-02   -0.654805198871220341E+03   -0.659005763743891748E-03    0.100010208504224307E+01    0.100032052308178487E+01
    0.544540744764983233E-02   -0.654853215938679114E+03   -0.109821724380410046E-02    0.100117899085108730E+01    0.100048842725645848E+01
    0.541365612478081262E-02   -0.654881520118632238E+03   -0.983338149465495803E-03    0.100184829481206172E+01    0.999670514778451702E+00
    0.530953074005204549E-02   -0.654882677689087245E+03   -0.315291374450410444E-03    0.999612631944518215E+00    0.100042283990830461E+01
    0.520748020076188759E-02   -0.654883862956300391E+03   -0.537985691943632105E-03    0.100106527600006889E+01    0.999616453519298065E+00
    0.513333376292677591E-02   -0.654895181381009934E+03   -0.104272573005559366E-02    0.100045633317517568E+01    0.100064964260744982E+01
    0.505222184010902919E-02   -0.654903327001868888E+03    0.824205369230668339E-03    0.999909023787669549E+00    0.999559614342063751E+00
    0.497988195806290876E-02   -0.654914483147243800E+03    0.435819678177296055E-03    0.999642343458716720E+00    0.100050241259680472E+01
    0.494847340968838229E-02   -0.654941829025996412E+03   -0.336468874573725429E-03    0.999478085652433235E+00    0.100076571543023674E+01
    0.488363569781819287E-02   -0.654955450697173092E+03   -0.195143370099515323E-03    0.100084930157015117E+01    0.100027725096329778E+01
    0.482626846845693198E-02   -0.654971817962647151E+03    0.681561080055459456E-03    0.999180143346482863E+00    0.100046723733202847E+01
    0.478479521075493228E-02   -0.654994557223770357E+03    0.663178692089871902E-03    0.999540041332676488E+00    0.100036586321209708E+01
    0.473134015272533032E-02   -0.655012087757651443E+03   -0.111242117817411668E-02    0.100067616473720333E+01    0.100048749396003478E+01
    0.467802583499271011E-02   -0.655029423153741845E+03   -0.285309276282674773E-03    0.999724997966340179E+00    0.100080751968894566E+01
    0.505675374575138663E-02   -0.655225120222520218E+03   -0.668922466340760025E-03    0.100007526950561298E+01    0.100043193096247141E+01
    0.505506798795238212E-02   -0.655264453376185656E+03    0.307765642634905134E-03    0.999122584551262349E+00    0.100047826782557925E+01
    0.511462208600748768E-02   -0.655327877798524128E+03   -0.952363718592863506E-03    0.100171070836619291E+01    0.100000160055597020E+01
    0.507025869453449785E-02   -0.655350454453861744E+03    0.587138495511396741E-03    0.100059400089461925E+01    0.999430721579717241E+00
    0.497768073392389123E-02   -0.655353598905088120E+03   -0.242669954724661352E-03    0.100117179474283535E+01    0.100004416420661180E+01
    0.490371060757450843E-02   -0.655363655142906168E+03   -0.566363470165143212E-03    0.100179498302212933E+01    0.999584504423687292E+00
    0.520367722653041712E-02   -0.655522401841365877E+03   -0.926827421277920394E-03    0.100091505841929562E+01    0.100048887945247311E+01
    0.512480498122772077E-02   -0.655531855715847087E+03   -0.782973557118538110E-03    0.100153542191476341E+01    0.999693565243577664E+00
    0.513922319623132031E-02   -0.655577474649949067E+03    0.697625470287732696E-03    0.100022471342246533E+01    0.999567005291959187E+00
    0.507231104434089676E-02   -0.655591263854196086E+03    0.605594680063603619E-03    0.999987434637780281E+00    0.999658155267389881E+00
    0.506365636778284122E-02   -0.655627848421486192E+03   -0.405101393145201882E-03    0.100141105121026053E+01    0.999511996084202381E+00
    0.502619469644584056E-02   -0.655652997124579770E+03   -0.613084427190102588E-03    0.100166081820917952E+01    0.999799195140611996E+00
    0.492964827548186043E-02   -0.655654206055720692E+03   -0.107526043340122612E-02    0.100137128901625116E+01    0.100012199184386952E+01
    0.485789445555311322E-02   -0.655664880981010697E+03    0.746230882187504108E-03    0.999939339981925635E+00    0.999962484658551753E+00
    0.485785561693703218E-02   -0.655704864991049703E+03   -0.104109303797983443E-02    0.100143401028815360E+01    0.100010068930273155E+01
    0.480100450992309875E-02   -0.655721321109972905E+03    0.132358742632732174E-03    0.100113457355152669E+01    0.999652805524135490E+00
    0.476613450741109577E-02   -0.655746741973259873E+03    0.190999414151349356E-04    0.100000599810784485E+01    0.999931639489216040E+00
    0.467354061172498610E-02   -0.655747504662914707E+03   -0.104914617697993151E-02    0.100131158049632907E+01    0.100014062376961976E+01
    0.460458631847525217E-02   -0.655757776437233929E+03   -0.694471282814745905E-03    0.100043264258921494E+01    0.100060252814341544E+01
    0.452781817030028198E-02   -0.655764151138850480E+03   -0.102944724261533338E-03    0.100138554301276672E+01    0.999502115967335403E+00
    0.450675619070004061E-02   -0.655794826065232314E+03   -0.396924314374658138E-03    0.100073246539600746E+01    0.100037532425122744E+01
    0.441832465400014435E-02   -0.655795191945493343E+03    0.751193494792801175E-03    0.100006658415330785E+01    0.999791021929882340E+00
    0.433331641908967034E-02   -0.655796337103130554E+03   -0.422040528217593192E-03    0.999899949394454368E+00    0.100065741505911920E+01
    0.426490015415219650E-02   -0.655804508312441499E+03   -0.521703262494455089E-03    0.100094981513603143E+01    0.100030945285864714E+01
    0.419869966479377750E-02   -0.655813220519596371E+03    0.354549773565082660E-03    0.999510705664342747E+00    0.100010804522545982E+01
    0.417951049978192331E-02   -0.655844059040860884E+03   -0.353587121409759675E-03    0.999838550376342505E+00    0.100064798849003789E+01
    0.410252428260948071E-02   -0.655846875698019176E+03   -0.574216702780461219E-03    0.100115193910875466E+01    0.999717643219987795E+00
    0.407454325347039129E-02   -0.655873188082878755E+03   -0.446676010287916370E-03    0.100015171299547001E+01    0.100021637324286461E+01
    0.403117675628706772E-02   -0.655891787436960612E+03   -0.147721036141135187E-03    0.999704183213210751E+00    0.100062993845022796E+01
    0.446997942212097425E-02   -0.656098571713813612E+03    0.332241893261198129E-03    0.100038448834006566E+01    0.999624493725363994E+00
    0.552400508537228239E-02   -0.656522010415973796E+03    0.468572383949705795E-03    0.100014514814086786E+01    0.999825824479012804E+00
    0.564495297779951319E-02   -0.656565327839052543E+03    0.162339447129511427E-03    0.100041920619631219E+01    0.100008556460015252E+01
    0.566865874968819437E-02   -0.656573709179035745E+03    0.425697624557130894E-03    0.999809125952324518E+00    0.100004463589131243E+01
    0.458002329939282467E-02   -0.656147212274322214E+03   -0.164019139818449844E-03    0.100053289334381001E+01    0.999780897239181510E+00
    0.428826215228551855E-02   -0.656015567220009302E+03   -0.328639411742770449E-03    0.100130220291348682E+01    0.999569226388168586E+00
    0.447202062972424600E-02   -0.656099484801546510E+03    0.639161431372770039E-03    0.999625134870392063E+00    0.999998049698090030E+00
    0.626387320107188884E-02   -0.656773401535685139E+03   -0.573730547639428323E-03    0.100072493821252739E+01    0.100014974969692005E+01
    0.631852930483968369E-02   -0.656790777055985245E+03    0.829318010442392506E-04    0.100073332866228437E+01    0.999806345949210584E+00
    0.424442930203049618E-02   -0.655995018845059576E+03    0.131028907802033245E-03    0.100079624216492524E+01    0.999941126457568830E+00
    0.448861205584878686E-02   -0.656106891173693384E+03    0.843439032305326464E-04    0.100079842690632193E+01    0.999550923758407261E+00
    0.596800219636545778E-02   -0.656676628565538749E+03    0.234742980662616674E-03    0.100026077108090727E+01    0.100009407275112916E+01
    0.412534404913507576E-02   -0.655938102948007554E+03    0.131595607442136497E-04    0.999516428884831387E+00    0.100056212835690728E+01
    0.459274704168570729E-02   -0.656152760761847958E+03    0.543425460904245483E-03    0.100001799975813777E+01    0.100004890439958594E+01
    0.573822327160364905E-02   -0.656598103359392439E+03    0.331651127218890451E-03    0.100048340434181915E+01    0.999794710710388390E+00
    0.734623565011657386E-02   -0.657092180154850780E+03   -0.510827634432331479E-04    0.100030547284954330E+01    0.100006188287917963E+01
    0.442197576886279274E-02   -0.656076977309172548E+03   -0.605202811206240199E-03    0.100141642817722665E+01    0.999955401270254840E+00
    0.543428048086873599E-02   -0.656489258354857839E+03   -0.178542957481653275E-03    0.100107534833974787E+01    0.999657450841856643E+00
    0.407340254713206042E-02   -0.655912761417412412E+03   -0.660196844899374469E-03    0.100024126348528331E+01    0.100058063264901920E+01
    0.447607807922704819E-02   -0.656101298572231372E+03    0.314135439946738870E-03    0.100029814266053974E+01    0.100011419755287223E+01
    0.623603944285194400E-02   -0.656764494656088345E+03   -0.323884928357998092E-03    0.100107056270071504E+01    0.999880049788480774E+00
    0.463167844148139243E-02   -0.656169642737217600E+03   -0.536437837507008908E-03    0.100135725983130874E+01    0.999950175036666833E+00
    0.439758401423642493E-02   -0.656065914708582227E+03   -0.425976366820179919E-04    0.100116223643545244E+01    0.999751156296240118E+00
    0.508560594650869779E-02   -0.656356632475534525E+03   -0.443712792646877574E-03    0.100123660041920770E+01    0.999711132354265564E+00
    0.656859639719323436E-02   -0.656868404446684735E+03    0.509820703147312315E-04    0.100050955915993267E+01    0.100004587860194460E+01
    0.452873632040157268E-02   -0.656124689988908926E+03   -0.657919910842963418E-03    0.100138075231625923E+01    0.999766713465468082E+00
    0.515814993550948054E-02   -0.656384960054834210E+03    0.393258928228945592E-03    0.999892537894726541E+00    0.100020932767924098E+01
    0.545791432673456509E-02   -0.656497937554366445E+03    0.519091036066399170E-03    0.999916812173184733E+00    0.999980090728034177E+00
    0.455285898160574191E-02   -0.656135314870170191E+03   -0.308794279282764705E-03    0.100007005106136693E+01    0.100056965216625038E+01
    0.445223147654001845E-02   -0.656090614955475871E+03   -0.751316440117832940E-03    0.100094480655290718E+01    0.100000265325406534E+01
    0.421304195649997455E-02   -0.655980173987219018E+03   -0.685657953745533177E-03    0.100057490295177653E+01    0.100051823668899842E+01
    0.430523252952496206E-02   -0.656023466404184433E+03   -0.174019660779123342E-03    0.100041988436526030E+01    0.999833095204817335E+00
    0.553325672370383239E-02   -0.656525357226658116E+03    0.412754458112729594E-03    0.100033730943933796E+01    0.999860687911663493E+00
    0.649198265134940441E-02   -0.656844940058361772E+03    0.271031199137183876E-03    0.100024505597739655E+01    0.100000095793473620E+01
    0.494824213114623823E-02   -0.656301868880664188E+03    0.341978930805453274E-03    0.999736694902454870E+00    0.100032420933207544E+01
    0.455604251607643652E-02   -0.656136712858545025E+03    0.297684206620019154E-03    0.100044192315142699E+01    0.100002769686360526E+01
    0.420812338429057183E-02   -0.655977837696423308E+03   -0.467579417017915944E-03    0.100048393313486605E+01    0.100000515477430363E+01
    0.639799932108827806E-02   -0.656815774774516967E+03    0.168071754160337150E-03    0.100057093589156909E+01    0.999870839169348713E+00
    0.457808159677381993E-02   -0.656146364193777117E+03    0.226020896526790693E-03    0.100044739104128655E+01    0.100008772827568571E+01
    0.649470580964967362E-02   -0.656845778812089748E+03   -0.164015257205107901E-03    0.100072925647647892E+01    0.100006577401408525E+01
    0.493469150560156208E-02   -0.656296384422492451E+03    0.261870516407469722E-03    0.999748243845613449E+00    0.100037698596783708E+01
    0.537833870382248714E-02   -0.656468563174442238E+03   -0.896945547026462009E-04    0.100106998558899463E+01    0.999782347202364141E+00
    0.526125540021462994E-02   -0.656424543438718501E+03    0.247792815519787268E-03    0.100027519656738439E+01    0.100012978147327614E+01
    0.577641859375157326E-02   -0.656611371844052542E+03   -0.258475469392394075E-03    0.100006422983184562E+01    0.100043652844784070E+01
    0.482461884849917037E-02   -0.656251267576770488E+03    0.559594089544646067E-03    0.999596294971856758E+00    0.100011990649989846E+01
    0.651296891137489661E-02   -0.656851394916156778E+03   -0.525946572707880478E-03    0.100091961135194008E+01    0.100005319841770968E+01
    0.425725697139222019E-02   -0.656001054202603314E+03   -0.812458398151250094E-03    0.100132529288945404E+01    0.999877170888379574E+00
    0.520219217426881857E-02   -0.656401964321139872E+03   -0.531045634120985710E-03    0.100107688318107213E+01    0.100013120685351553E+01
    0.609018929732923087E-02   -0.656717162432776604E+03   -0.416484083849866238E-03    0.100077510282413540E+01    0.100020810025625750E+01
    0.599966444380319736E-02   -0.656687211186951231E+03    0.273213504510039229E-03    0.100049881631523485E+01    0.999850178240225929E+00
