    0.227765327986990465E-97    0.694054338011653017E+05    0.521451059821927743E+00    0.894763020056395963E+00    0.232232551994112013E+01
    0.544688857549222215E-97    0.694036500033805496E+05    0.531281417387450716E+00    0.893154935244836579E+00    0.232047356310864128E+01
    0.118380349201921055E-96    0.694020574571724865E+05    0.528610006047232517E+00    0.894657944236119551E+00    0.231709204333413599E+01
    0.624181304860780329E-96    0.693986923808930151E+05    0.526256665056042294E+00    0.891849260113153908E+00    0.233388360479272672E+01
    0.708729517564940874E-96    0.693983983147401887E+05    0.527128159095331839E+00    0.888721713600886254E+00    0.233974551339503112E+01
    0.144470576523673189E-94    0.693923287705504044E+05    0.531644493622296821E+00    0.895867185763816298E+00    0.231308788497264173E+01
    0.128102011279255078E-93    0.693879240982734482E+05    0.531555085703098840E+00    0.895040129663837059E+00    0.231638518468180132E+01
    0.876648268109760013E-92    0.693794323702080583E+05    0.528944600397554865E+00    0.892093855588523388E+00    0.232542388361764418E+01
    0.102575921697986289E-89    0.693698678649009817E+05    0.527820518563972385E+00    0.895248099929891739E+00    0.232212946152386968E+01
    0.184224735582597950E-87    0.693594464181740768E+05    0.521269171148881938E+00    0.890142123749718905E+00    0.233849897774458881E+01
    0.287955360233430375E-87    0.693585131200389151E+05    0.513571159023868518E+00    0.889864979307784187E+00    0.234820521640934876E+01
    0.741521952844775235E-86    0.693519761512565310E+05    0.529156860681839092E+00    0.898827151069760855E+00    0.230921282298779484E+01
    0.341740459299749554E-83    0.693396699471167813E+05    0.513807203394884837E+00    0.889893703465737373E+00    0.234885528211752748E+01
    0.437328474653733437E-82    0.693345315109048679E+05    0.525254800708086833E+00    0.895815986339698389E+00    0.231692606705994342E+01
    0.672512724903863357E-81    0.693290256677946891E+05    0.521481692503890315E+00    0.892728651748264879E+00    0.232978476171000715E+01
    0.674326672723462256E-81    0.693289802805186046E+05    0.524539417554674259E+00    0.894342639554043251E+00    0.232834540775255494E+01
    0.444733885593512547E-80    0.693251675874881039E+05    0.525427912452638424E+00    0.890580133757369108E+00    0.233563548155120237E+01
    0.443562689459462682E-80    0.693251328613880323E+05    0.508872343491333368E+00    0.891722576397125488E+00    0.235039567736203026E+01
    0.379265013169662495E-79    0.693208008990810486E+05    0.527390963172674532E+00    0.893168771775030290E+00    0.232429519162650911E+01
    0.715436134999670787E-79    0.693194915848173696E+05    0.507797872680429307E+00    0.892338745117767562E+00    0.234616052671949760E+01
    0.279505387976123837E-78    0.693167261561636842E+05    0.519056783025362733E+00    0.894443784882796411E+00    0.233444698082501478E+01
    0.557788978472236543E-77    0.693106990676847490E+05    0.499459096512868683E+00    0.895057477536893353E+00    0.234723481659212485E+01
    0.669033725390915971E-76    0.693056901899899094E+05    0.509549362621427804E+00    0.895807167906222057E+00    0.234064523016864978E+01
    0.131355349394100656E-75    0.693043008762618119E+05    0.527891438439718641E+00    0.895049850530362900E+00    0.232086648538327234E+01
    0.157029331014148212E-74    0.692992986533396470E+05    0.522780272926235412E+00    0.890626077896531365E+00    0.233777719249486626E+01
    0.227631594557626605E-74    0.692985160615413915E+05    0.524157074648499588E+00    0.893649552196330133E+00    0.232513350451565337E+01
    0.214886999808658582E-73    0.692939861237575969E+05    0.516175585665703096E+00    0.894763703141148614E+00    0.233646800177520531E+01
    0.383634926794326314E-73    0.692927869655951508E+05    0.526765638029388583E+00    0.893910995157997768E+00    0.232536331920388539E+01
    0.739784452451734016E-73    0.692914336306463520E+05    0.519986513088676716E+00    0.893664546118790870E+00    0.233502161406454256E+01
    0.121684648812741189E-71    0.692857931422960683E+05    0.524939533425843763E+00    0.891922972576929429E+00    0.233200412196297080E+01
    0.186785594869728213E-71    0.692848960851858428E+05    0.501801941324016454E+00    0.897184573779179262E+00    0.234392549824802421E+01
    0.999952564241715214E-71    0.692815005923167773E+05    0.523178045384074863E+00    0.898833618655421773E+00    0.231706365580452367E+01
    0.343939194393405203E-70    0.692789899080524629E+05    0.506552593623494474E+00    0.893949116448332415E+00    0.234708931458654302E+01
    0.932191918464940343E-70    0.692769557603858120E+05    0.524795015248306740E+00    0.893049474963386825E+00    0.232738411387457678E+01
    0.299434164925498858E-69    0.692745818784754374E+05    0.512452961333186963E+00    0.891768352250824403E+00    0.234380826816135901E+01
    0.847207293813926828E-69    0.692724617768218595E+05    0.505529863665739043E+00    0.893478411462279687E+00    0.234817584676145241E+01
    0.226065311882956037E-68    0.692704588495467033E+05    0.507632585286009075E+00    0.894573859051008946E+00    0.233860398980571382E+01
    0.331540741750217883E-68    0.692696529960364423E+05    0.523922475932884879E+00    0.897653087952802298E+00    0.231915887680735011E+01
    0.934983211440054823E-67    0.692629342701101268E+05    0.525637614909681972E+00    0.895229283939021458E+00    0.232296691754961415E+01
    0.269892632701939193E-66    0.692607741086245369E+05    0.514073017797366916E+00    0.891778721607333513E+00    0.234445257562450982E+01
    0.689983636358806060E-66    0.692588568213072576E+05    0.511307748578060384E+00    0.892371298723885764E+00    0.234573963467363811E+01
    0.129950393251767771E-65    0.692575506813105312E+05    0.516270223747646639E+00    0.891652829185976659E+00    0.234255696998417839E+01
    0.238636699760191382E-65    0.692562951022635534E+05    0.519446740572055532E+00    0.894226592380641949E+00    0.232780113228354368E+01
    0.337559662084512930E-65    0.692555615023425780E+05    0.513872338539266948E+00    0.892284579061856542E+00    0.234039607967647045E+01
    0.199322159894780840E-63    0.692473648016937223E+05    0.524232122666191458E+00    0.893437723473739509E+00    0.232867056303705011E+01
    0.734877194163450467E-63    0.692447152397081081E+05    0.501216038106807815E+00    0.896109933214800258E+00    0.234588769660233343E+01
    0.150322224325456954E-62    0.692432439140225470E+05    0.509548776920741631E+00    0.892853630430679113E+00    0.234398845175740256E+01
    0.763295457554771842E-62    0.692399541859516321E+05    0.512312313481794845E+00    0.892873405326746417E+00    0.234361055230144011E+01
    0.301373882344975716E-61    0.692371676028851507E+05    0.514886585339105807E+00    0.892497817069621835E+00    0.234187002873945138E+01
    0.570113652189423520E-60    0.692312474644935864E+05    0.518336072791488078E+00    0.893658887428554594E+00    0.233124080046520366E+01
    0.843487520455818210E-60    0.692304240457412670E+05    0.521748209695768850E+00    0.892872062775997177E+00    0.233182524346898523E+01
    0.904486947585387813E-58    0.692210340598347248E+05    0.501127240937888629E+00    0.895736184284920300E+00    0.234501140632959881E+01
    0.614889302703808213E-57    0.692171607408851414E+05    0.511911698238183277E+00    0.897274714938446460E+00    0.233354555992332013E+01
    0.333808998414852111E-56    0.692137373172744119E+05    0.520520087499910744E+00    0.893044265861992814E+00    0.233284700585579063E+01
    0.390841985654183719E-56    0.692133818485120719E+05    0.523597164426218953E+00    0.894736368651645630E+00    0.232483024316854348E+01
    0.668365264104293269E-56    0.692122687855578552E+05    0.515194104010593179E+00    0.893038414720342955E+00    0.233981102743251901E+01
    0.998568888359981125E-56    0.692114258089265059E+05    0.505855964168697270E+00    0.895254271382784905E+00    0.233941429816905710E+01
    0.248110098654744159E-55    0.692095655398374947E+05    0.515228313142197081E+00    0.897478910989794043E+00    0.232938638515376395E+01
    0.116464119967904234E-54    0.692064329483542533E+05    0.516185276061385423E+00    0.893398341879757307E+00    0.233799342526885034E+01
    0.131484470064296625E-52    0.691969399969746592E+05    0.506094158242591519E+00    0.894615179781374059E+00    0.234275435963665135E+01
    0.175948867223216389E-52    0.691963173876158253E+05    0.513781148502785001E+00    0.895541807192503647E+00    0.232971443487488283E+01
    0.243990698409430399E-52    0.691956235142606165E+05    0.512248693154933932E+00    0.895728755135545285E+00    0.233668866013183374E+01
    0.465057220857193207E-52    0.691942934535599488E+05    0.502096589154053419E+00    0.896811179608910103E+00    0.233868488279569364E+01
    0.148325953030589473E-51    0.691919337798063934E+05    0.507968866494994842E+00    0.895491845241889739E+00    0.233628805554809116E+01
    0.102955157625138549E-50    0.691880188470340945E+05    0.505890582302663816E+00    0.894845813371568100E+00    0.234292160637761571E+01
    0.577611661818920404E-50    0.691845296305402153E+05    0.511124134860949653E+00    0.896604421893493875E+00    0.232900353172022978E+01
    0.920131480583360383E-50    0.691835584009482118E+05    0.519943963745767235E+00    0.895370046566619449E+00    0.232864551749592996E+01
    0.107330143248034718E-48    0.691786052746529604E+05    0.510980179527592782E+00    0.893909699251481671E+00    0.234019038200412144E+01
    0.643998095251957495E-47    0.691703765320004313E+05    0.504063430419241953E+00    0.897118684950299228E+00    0.233542786924438817E+01
    0.142295975556966673E-46    0.691687509349046741E+05    0.521231501594275670E+00    0.896470044101622565E+00    0.232108598566028324E+01
    0.431693192717444563E-45    0.691618861528975103E+05    0.517233281350328866E+00    0.895670973811179438E+00    0.232677914293428278E+01
    0.760474014494541474E-45    0.691607136992809974E+05    0.511207231684716490E+00    0.895067124800658198E+00    0.233834453040300616E+01
    0.867386585313785787E-45    0.691604106136335176E+05    0.517602426706133656E+00    0.894319212859822077E+00    0.233246116731737851E+01
    0.157732326508765954E-44    0.691591746140586329E+05    0.520779297666907226E+00    0.897123236578761696E+00    0.231945935994928698E+01
    0.463849536656341668E-44    0.691569772925289144E+05    0.521229104599751025E+00    0.896689780890487009E+00    0.232085497689356801E+01
    0.590570638791810661E-44    0.691564542344715592E+05    0.516808418509009826E+00    0.894348492829760033E+00    0.233329466347721848E+01
    0.544667301322919893E-43    0.691519708924893639E+05    0.502376229792425022E+00    0.896962925001887235E+00    0.234122039427579054E+01
    0.653031976030126840E-43    0.691515679906013829E+05    0.510557280376628952E+00    0.894668629138672844E+00    0.233819735853906563E+01
    0.241594205803630036E-41    0.691443063834549830E+05    0.504149893520029480E+00    0.898033643016486804E+00    0.233793567082076947E+01
    0.373921472875673340E-41    0.691433928108017426E+05    0.515512279918858951E+00    0.895142867109800622E+00    0.233329187990832576E+01
    0.119832115546080176E-40    0.691410235487831378E+05    0.503773744584623984E+00    0.896553643742490247E+00    0.233928262278414589E+01
    0.691812633791715406E-40    0.691374771019182663E+05    0.516978471842747922E+00    0.897854381412435787E+00    0.232522633384941457E+01
    0.923080761747340650E-40    0.691368602987756312E+05    0.513557692908207741E+00    0.895018968062903375E+00    0.233527076504230235E+01
    0.912706186427453796E-40    0.691368429042000207E+05    0.506159060344000267E+00    0.896680599710869441E+00    0.233526338281269030E+01
    0.270502781568034836E-39    0.691346299972867710E+05    0.506108618633172469E+00    0.895974623085197042E+00    0.233919565340905500E+01
    0.621803581308233257E-39    0.691329253135349718E+05    0.519255266119493797E+00    0.897426066554306345E+00    0.232317800756673432E+01
    0.740168014789357862E-38    0.691279316374484915E+05    0.506280949775417710E+00    0.897077196651968389E+00    0.233782162437152730E+01
    0.871247370387213531E-38    0.691275655399756361E+05    0.515587092026523308E+00    0.897313204671880804E+00    0.232339320935342064E+01
    0.111356412976306608E-37    0.691270347497073672E+05    0.519644385581031543E+00    0.897174402249565350E+00    0.232288183770878343E+01
    0.197032710947406223E-37    0.691258534821566427E+05    0.512580506456121299E+00    0.897772971860536506E+00    0.232463810380464819E+01
    0.211189503304678852E-37    0.691256747099767090E+05    0.508586734294791398E+00    0.896927140801155431E+00    0.233170086683150979E+01
    0.246264937573996212E-37    0.691253274058005627E+05    0.507782659483504872E+00    0.896165664923599614E+00    0.233572171956438490E+01
    0.103193208495057461E-36    0.691224218454079382E+05    0.519366725573766175E+00    0.896771286282350699E+00    0.232320745242824556E+01
    0.777973087599341907E-36    0.691183416676277848E+05    0.508763286985479013E+00    0.897504955125952186E+00    0.232958235404011615E+01
    0.168855735306691523E-35    0.691167517918791418E+05    0.514244076043981480E+00    0.895466798463132041E+00    0.233266246578997460E+01
    0.343335845294609809E-35    0.691152924630875641E+05    0.519947515637932511E+00    0.898978977075683305E+00    0.231761096177651904E+01
    0.118952316174411828E-34    0.691127672657026269E+05    0.510577795140838120E+00    0.897973903940359364E+00    0.232617459739957777E+01
    0.149462793332203772E-34    0.691122706161437673E+05    0.512661332925324231E+00    0.896381289104656309E+00    0.233296211061695447E+01
    0.192412323059961812E-34    0.691117254299487249E+05    0.510607047308759832E+00    0.895981161756987499E+00    0.233556108529147410E+01
    0.275596327351639003E-34    0.691109668366933329E+05    0.504075539618391133E+00    0.897257568409922102E+00    0.233837602246138232E+01
    0.289608285171380663E-34    0.691108276525811816E+05    0.515722286629678450E+00    0.898329847543153259E+00    0.232500056543744771E+01
    0.403734160692603827E-34    0.691101231978328433E+05    0.510462182869604320E+00    0.895808025225494520E+00    0.233554725858475765E+01
    0.511746820949121491E-34    0.691096090510946087E+05    0.518086093741914055E+00    0.896697858845065254E+00    0.232521088302174261E+01
    0.117773289409539188E-33    0.691079020179329091E+05    0.507411692003156389E+00    0.897453323859362717E+00    0.233563883838286790E+01
    0.162007985404909431E-33    0.691072242496801482E+05    0.514975634539938554E+00    0.899125932546356310E+00    0.232381323168011145E+01
    0.131063512981225796E-32    0.691030030066721811E+05    0.510360533593946286E+00    0.896171475836944564E+00    0.233507940541894898E+01
    0.243528387925742088E-32    0.691017239037102700E+05    0.515860928639853000E+00    0.897846086414306188E+00    0.232578887083320085E+01
    0.685358575346465963E-32    0.690996144864095259E+05    0.508587963423599021E+00    0.898032217094522078E+00    0.233314819105338422E+01
    0.746299093529209268E-32    0.690994041178484040E+05    0.512251152418238931E+00    0.895981792806631039E+00    0.233285535180152337E+01
    0.932269407008264564E-32    0.690989191270749870E+05    0.511152618293985839E+00    0.896086172962011762E+00    0.233410324166649286E+01
    0.366677076714498906E-30    0.690915350672539498E+05    0.509697343980041850E+00    0.896632851942746445E+00    0.233273219323403458E+01
    0.207240481467195874E-29    0.690880311004591204E+05    0.500353326787783104E+00    0.899055212167582551E+00    0.233511215532706373E+01
    0.290481954674520394E-29    0.690873157772770646E+05    0.508265544483412768E+00    0.898429093980330773E+00    0.233230876686801203E+01
    0.206800025735037586E-28    0.690833501854693313E+05    0.513473353399987786E+00    0.898012788191941969E+00    0.232392277451682183E+01
    0.266902680664702995E-28    0.690827999218033656E+05    0.514666390588498501E+00    0.896999620041913359E+00    0.232833503802831299E+01
    0.391395905602492684E-28    0.690819942508154782E+05    0.511270892482675876E+00    0.896648374548584481E+00    0.233250118868747292E+01
    0.109320688960133439E-27    0.690798999484909582E+05    0.514193489447510643E+00    0.897118756067973311E+00    0.232860273108261806E+01
    0.155828142326544620E-27    0.690791510123210319E+05    0.506497855282720622E+00    0.897501218068870399E+00    0.233345026608891093E+01
    0.238584678361647207E-27    0.690782590712317906E+05    0.508047955325752199E+00    0.897023055969963234E+00    0.233433104843255368E+01
    0.245506426487285746E-27    0.690781618735694356E+05    0.511821071416564521E+00    0.896865107467230249E+00    0.233155733039404112E+01
    0.279005776948928937E-27    0.690778660548424668E+05    0.509065780182014649E+00    0.897387314767734701E+00    0.233078180706757365E+01
    0.444650492003238042E-27    0.690768939426928118E+05    0.511784642247132382E+00    0.897745116946267907E+00    0.232660535035220706E+01
    0.665392024483882971E-27    0.690760477670625696E+05    0.505213815745005235E+00    0.897789646692771948E+00    0.233556022467601032E+01
    0.724647551997941860E-27    0.690758371490145510E+05    0.514359326372108683E+00    0.898204656707672355E+00    0.232606500805534600E+01
    0.757172064190840184E-27    0.690757093387673231E+05    0.517450178254929227E+00    0.898339117513678898E+00    0.232056032431677739E+01
    0.119331801083420109E-26    0.690747595339163818E+05    0.515621091860793967E+00    0.898038031475556386E+00    0.232477112773751982E+01
    0.172299199189523965E-26    0.690739848846399982E+05    0.515128756035434066E+00    0.898011836069005698E+00    0.232287664685816253E+01
    0.395448901276180038E-26    0.690722833064744191E+05    0.502381846939051968E+00    0.898800358997926985E+00    0.233583631601244557E+01
    0.605694624524461831E-26    0.690713905977532413E+05    0.502140677554422155E+00    0.898767725423346375E+00    0.233437281659036833E+01
    0.717817387121660789E-26    0.690710109192290838E+05    0.508846903770036718E+00    0.897307420383665066E+00    0.233172688623944957E+01
    0.864588791078056296E-26    0.690705988416157779E+05    0.515150526258285169E+00    0.899030433025681308E+00    0.232300197528476238E+01
    0.132925307434880313E-25    0.690696986047010578E+05    0.511125091306253054E+00    0.897409646105156389E+00    0.232880214344610081E+01
    0.182450096483603324E-25    0.690690252260621201E+05    0.513085407950770289E+00    0.897441666818342143E+00    0.232687139338303473E+01
    0.434418360424134223E-25    0.690672501633777283E+05    0.512499252829970331E+00    0.898873392133043292E+00    0.232646191011222969E+01
    0.502688070555613877E-25    0.690669182397661789E+05    0.514717056696241571E+00    0.897523095132429671E+00    0.232642788572653858E+01
    0.548568509601342913E-25    0.690667035550945729E+05    0.509417624817395165E+00    0.897420354305574097E+00    0.233253474592239485E+01
    0.570504452894578879E-25    0.690665851374964841E+05    0.507938573351756517E+00    0.897369795284030825E+00    0.233323016385507609E+01
    0.672786433516895427E-24    0.690616101533710462E+05    0.516550770682437488E+00    0.899151450367705052E+00    0.231852507170091293E+01
    0.791349687714112559E-24    0.690612455293532257E+05    0.516847411869740370E+00    0.898887712777152070E+00    0.231954334787848948E+01
    0.904814278986840493E-24    0.690609375498474401E+05    0.508005742996610721E+00    0.898152584532486697E+00    0.232952182173875233E+01
    0.908377914688571906E-24    0.690608896882643021E+05    0.502476456963051987E+00    0.898823089814887566E+00    0.233426682799111873E+01
    0.944679157111287295E-24    0.690607713185524190E+05    0.508183223171441156E+00    0.898298449663929466E+00    0.233198209672170886E+01
    0.109016044193057287E-23    0.690604448489418864E+05    0.514157167023213901E+00    0.897609271490474758E+00    0.232606532465458082E+01
    0.116638691663177159E-23    0.690602696769709146E+05    0.515236634885882339E+00    0.899993586773085830E+00    0.232024673129066006E+01
    0.297491036299123085E-23    0.690583570708846528E+05    0.504138721106548005E+00    0.899053343103872860E+00    0.233386176413623980E+01
    0.588467535426184154E-23    0.690569527955530939E+05    0.506144084669921668E+00    0.899842782917136708E+00    0.232554231010633439E+01
    0.118995526621949556E-22    0.690555044970855670E+05    0.512059110770444192E+00    0.898316310545831276E+00    0.232494184510101531E+01
    0.145683617147423218E-22    0.690550597943585308E+05    0.513515892847514976E+00    0.898399808167916536E+00    0.232341454570066697E+01
    0.517136158641119125E-22    0.690524860564820119E+05    0.511204663434764228E+00    0.898621675768364270E+00    0.232806304212025728E+01
    0.784109398192113239E-22    0.690516135717893048E+05    0.508258855648742625E+00    0.899846060158512984E+00    0.232341500590524142E+01
    0.202066601192518612E-21    0.690496803039977094E+05    0.511471661365327179E+00    0.897813250486825920E+00    0.232782500897998590E+01
    0.677075074735672248E-21    0.690472219343815232E+05    0.502704584502801310E+00    0.899107994504317776E+00    0.233324954567415421E+01
    0.741467388033310815E-21    0.690470002363425010E+05    0.511119543886378480E+00    0.898910609078684586E+00    0.232737094640160702E+01
    0.108246311503730913E-20    0.690462035099307104E+05    0.507886910673056136E+00    0.898956761133814952E+00    0.233052252884051203E+01
    0.223995763467217240E-20    0.690447090742384171E+05    0.503985769978690712E+00    0.900125371503102567E+00    0.232724955189864513E+01
    0.531996936389403204E-20    0.690429390530542587E+05    0.512220171059272644E+00    0.900558997387093330E+00    0.232214307501628481E+01
    0.670999711294726362E-20    0.690424347911021614E+05    0.504971031191734809E+00    0.898867932042684448E+00    0.233290995879568364E+01
    0.179129686378000417E-19    0.690404309382327629E+05    0.505571837414873215E+00    0.899188687785321239E+00    0.232899319514956193E+01
    0.248830566035182083E-19    0.690397336139152758E+05    0.508776311828651018E+00    0.899198620830683470E+00    0.232898074668456889E+01
    0.145768834151591386E-18    0.690361579440652276E+05    0.504883011784878377E+00    0.899109810906105644E+00    0.233237635183899972E+01
    0.122681453922340599E-17    0.690318576355765836E+05    0.505164170530118639E+00    0.899370290219207891E+00    0.233162610204960785E+01
    0.128789224074331184E-17    0.690317204636653187E+05    0.513720181748329452E+00    0.899049095526456399E+00    0.232327446657692116E+01
    0.164343538465187064E-17    0.690311928999903321E+05    0.508499965982400326E+00    0.899136693519780428E+00    0.232619419761246293E+01
    0.197816735720205685E-17    0.690307821359077934E+05    0.507066076095281204E+00    0.898607140945846039E+00    0.233033771802959899E+01
    0.357837830783200886E-17    0.690295566581633611E+05    0.506331585158992681E+00    0.900839422862755757E+00    0.232252239785533376E+01
    0.422462951462535261E-17    0.690291846144494048E+05    0.503476482935514724E+00    0.899854005693829229E+00    0.232936227798539086E+01
    0.693787681105232520E-17    0.690281524860002392E+05    0.513321769309394327E+00    0.899395258086319704E+00    0.232303499495513721E+01
    0.169451060632774616E-16    0.690263265194570267E+05    0.507047618436860859E+00    0.899939801419063934E+00    0.232872133566211614E+01
    0.258985374405581759E-15    0.690208329344043887E+05    0.509140491091471858E+00    0.900308419517738434E+00    0.232566292225146443E+01
    0.413317057475754130E-15    0.690198580476014758E+05    0.510488337054141539E+00    0.900180234133032164E+00    0.232446658921470828E+01
    0.431155245151590822E-15    0.690197335411400127E+05    0.505697123294556405E+00    0.900913183745887358E+00    0.232315069442779487E+01
    0.464342835531275189E-15    0.690195452312874841E+05    0.510523845611199789E+00    0.898928753848939999E+00    0.232560917231175290E+01
    0.743498855801370426E-15    0.690185637431317155E+05    0.510983995414965975E+00    0.900213376347044125E+00    0.232379326616217652E+01
    0.121439768474878034E-14    0.690175424705853657E+05    0.513079212815039654E+00    0.900732671576054855E+00    0.231999830046326760E+01
    0.142366231304590192E-14    0.690171845017373707E+05    0.509504198613345949E+00    0.899039158051216925E+00    0.232621436530198000E+01
    0.526661537475362338E-14    0.690145281912029895E+05    0.512309077614347075E+00    0.899433032455491555E+00    0.232352580285376931E+01
    0.100912608821922914E-13    0.690131876274474635E+05    0.504323586750466291E+00    0.899917007324630536E+00    0.232866381718293081E+01
    0.106419146933774276E-13    0.690130413661874627E+05    0.511678808039057742E+00    0.899822181029746204E+00    0.232361852158174376E+01
    0.172214290173138904E-13    0.690120386580647464E+05    0.509262230900137780E+00    0.899321468189309803E+00    0.232719580629632938E+01
    0.309180899491983665E-13    0.690108282841319742E+05    0.506170652071723737E+00    0.899482124684849671E+00    0.232964270098797988E+01
    0.460570750773539186E-13    0.690099912042478099E+05    0.511099379668278786E+00    0.900786579021549239E+00    0.231858241626499195E+01
    0.452333554875024288E-13    0.690099872974917816E+05    0.511781627765957481E+00    0.899848477641618349E+00    0.232329305458345026E+01
    0.468840941799238428E-13    0.690098756100783939E+05    0.508507020365362550E+00    0.899640679937500520E+00    0.232735218760646356E+01
    0.511946593549051210E-13    0.690096596965934150E+05    0.513149117535609989E+00    0.900649567953272112E+00    0.231979709405987977E+01
    0.508137129227165409E-13    0.690096346345125203E+05    0.511053712290514994E+00    0.899564999822869638E+00    0.232302346961178197E+01
    0.571714362653146138E-13    0.690093588582123339E+05    0.512968699335713652E+00    0.899805262345244161E+00    0.232095042403635077E+01
    0.711243957282666831E-13    0.690088821062346833E+05    0.513985273227460127E+00    0.900348922445652011E+00    0.231880628206532036E+01
    0.478877533290439762E-12    0.690050280772414844E+05    0.511607045104602420E+00    0.900035207174887164E+00    0.232099198841443721E+01
    0.754250765680804884E-12    0.690040795172412909E+05    0.505404472065439592E+00    0.900257700679403361E+00    0.232888073904124981E+01
    0.964802449892000514E-12    0.690035471202971967E+05    0.508417267991966071E+00    0.899870901163490777E+00    0.232451907279587067E+01
    0.108755011265601181E-11    0.690032676013426681E+05    0.506022724266937729E+00    0.899653850384203313E+00    0.232838832125568018E+01
    0.156694213190694055E-11    0.690024972044027818E+05    0.512245022741277367E+00    0.900240223185442501E+00    0.232153550714096069E+01
    0.168880515025238276E-11    0.690023074139353121E+05    0.505165831172975643E+00    0.900427683590296679E+00    0.232596125891227867E+01
    0.174888696818351790E-11    0.690021974973348988E+05    0.508571306335781514E+00    0.900516666033767121E+00    0.232202063322147501E+01
    0.194240222677887448E-11    0.690019476055331324E+05    0.503758196667973834E+00    0.900134316085368757E+00    0.232994416184855568E+01
    0.256451058367557838E-11    0.690013519211600506E+05    0.503454526282652637E+00    0.900309745872152511E+00    0.232875970518815567E+01
    0.481432193691233981E-11    0.690000522660451825E+05    0.512613527773771338E+00    0.900253225049966299E+00    0.231990729640417293E+01
    0.705004092591248063E-11    0.689992493896259111E+05    0.511261348320958930E+00    0.900993286190982956E+00    0.231808795520890154E+01
    0.977774322165821712E-11    0.689985552390637458E+05    0.507883013770628722E+00    0.900862735038200912E+00    0.232513833326158537E+01
    0.962426251990407050E-11    0.689985468819578527E+05    0.508191848601979856E+00    0.899686422978466016E+00    0.232587590741904382E+01
    0.113930914081382583E-10    0.689981694421599823E+05    0.512428047542330845E+00    0.900197496446099144E+00    0.232080121858641952E+01
    0.288071003613761181E-10    0.689962742126755475E+05    0.512057738685495423E+00    0.900159570826452260E+00    0.232104770937860705E+01
    0.402625393401829420E-10    0.689955646134862181E+05    0.508394220098454142E+00    0.900382393408112214E+00    0.232290651400525716E+01
    0.568751323843584246E-10    0.689948337400598975E+05    0.505940656696042268E+00    0.900328233479674722E+00    0.232575989762748359E+01
    0.732554911296451700E-10    0.689942875500510854E+05    0.511851917408794321E+00    0.900276883182025367E+00    0.232140583922841781E+01
    0.742631541710791831E-10    0.689942202266246168E+05    0.511332669401959095E+00    0.900106248272053988E+00    0.232237127096623386E+01
    0.942435523785285219E-10    0.689937036916412908E+05    0.505954033776166767E+00    0.900022141614881699E+00    0.232726971931368087E+01
    0.949483360390147505E-10    0.689936487906447146E+05    0.509867102949943529E+00    0.900987060227482983E+00    0.231945557479120046E+01
    0.107452215532949916E-09    0.689933613639855612E+05    0.508404338590457527E+00    0.900204841334996675E+00    0.232573253539063085E+01
    0.110581850889035695E-09    0.689932639445121604E+05    0.508354725934804463E+00    0.900713611131604974E+00    0.232181693152121582E+01
    0.178441462150272723E-09    0.689922669352611119E+05    0.506490993848426996E+00    0.900638926123282890E+00    0.232677777584200651E+01
    0.202026871996715527E-09    0.689919786550332356E+05    0.511248842885240862E+00    0.900404671793020528E+00    0.232197398298068114E+01
    0.198122076414093897E-09    0.689919776896932017E+05    0.507703442082412693E+00    0.900227376244711719E+00    0.232436516290554884E+01
    0.209187899127711942E-09    0.689918289906957943E+05    0.507532924220939208E+00    0.900123845490470309E+00    0.232663294397516207E+01
    0.375047664873161523E-09    0.689906213502212777E+05    0.506105446746804688E+00    0.900411058550248833E+00    0.232542640152179514E+01
    0.404904115063804986E-09    0.689904281558974180E+05    0.510183859883463597E+00    0.900907998438765789E+00    0.232226056771172518E+01
    0.698770713249146748E-09    0.689892968111350783E+05    0.508839131771887665E+00    0.900121823918157538E+00    0.232385617513307841E+01
    0.130686541668907014E-08    0.689880046829953935E+05    0.508461695052197626E+00    0.901081206827615055E+00    0.232058657619455033E+01
    0.129704886698038412E-08    0.689879797627486405E+05    0.505168760738058609E+00    0.900591704682497940E+00    0.232783230316181688E+01
    0.153579427894609845E-08    0.689876018505261891E+05    0.510703631029310046E+00    0.900249013842813417E+00    0.232209191841460383E+01
    0.164006138010131325E-08    0.689874304785756976E+05    0.511307628984097207E+00    0.900526986421608000E+00    0.232037527941526500E+01
    0.174677021476366642E-08    0.689872644089294045E+05    0.506480988703771118E+00    0.900166224207862409E+00    0.232641118827269855E+01
    0.178922924282104712E-08    0.689871763760387112E+05    0.511520187962513972E+00    0.900960553099036665E+00    0.231851516352720122E+01
    0.219158933912208078E-08    0.689867306918992690E+05    0.509121814602959688E+00    0.900400394871098353E+00    0.232429379035947381E+01
    0.251609064366477542E-08    0.689864145331815816E+05    0.505195523705916472E+00    0.900474357182611818E+00    0.232784221664080926E+01
    0.403853656727407739E-08    0.689854281811307010E+05    0.511027638105263193E+00    0.901031364602770668E+00    0.231867739462971656E+01
    0.492381437536939314E-08    0.689849917788923922E+05    0.509492805723159137E+00    0.900791457940445794E+00    0.232079696290044923E+01
    0.972792415692875032E-08    0.689835899448541022E+05    0.510261562759378506E+00    0.901153481099796982E+00    0.232137971456937464E+01
    0.131122457226323555E-07    0.689829528527486400E+05    0.508409813721023340E+00    0.900292100808598339E+00    0.232491698080396691E+01
    0.143948945681639130E-07    0.689827261987120728E+05    0.510959996318337772E+00    0.900601020811771069E+00    0.232129998103147761E+01
    0.233001722092902761E-07    0.689817230244087405E+05    0.507966131666366394E+00    0.900933565596614194E+00    0.232434828950518702E+01
    0.404524831497604235E-07    0.689805796898522531E+05    0.510090063190421716E+00    0.900737260943613838E+00    0.232222849005205045E+01
    0.401972542650136077E-07    0.689805523485289013E+05    0.511055950408575654E+00    0.900812354949044436E+00    0.232074857616377095E+01
    0.451137249151389962E-07    0.689802815728676360E+05    0.508692203643231977E+00    0.901024416907425629E+00    0.232333066312016667E+01
    0.446669156671472516E-07    0.689802614797399438E+05    0.506642065127154595E+00    0.900709215787887096E+00    0.232599430799757290E+01
    0.471214671008338879E-07    0.689801144885631948E+05    0.506025924217626155E+00    0.900704993942602616E+00    0.232482475231573460E+01
    0.499057632067061792E-07    0.689799596729293262E+05    0.509890378617400941E+00    0.901368563707756421E+00    0.231859223092137690E+01
    0.608593553674481533E-07    0.689795228148070310E+05    0.507754710346501881E+00    0.900989899726162391E+00    0.232189432243886307E+01
    0.770496151607350481E-07    0.689790110467775812E+05    0.507405683593855628E+00    0.901269405010218905E+00    0.232415384489932553E+01
    0.834416121543470276E-07    0.689788116516485024E+05    0.510417010066962717E+00    0.901342228435227266E+00    0.232058934974561293E+01
    0.956196791895826683E-07    0.689784991886154748E+05    0.509990385568659832E+00    0.900591933258685251E+00    0.232171258110424450E+01
    0.134573122362212559E-06    0.689777757304877596E+05    0.506793857418564642E+00    0.900826932459261487E+00    0.232358508143490194E+01
    0.167459274506727858E-06    0.689772984655428882E+05    0.506853043865202579E+00    0.900854201147528677E+00    0.232343516417549756E+01
    0.175180253080013408E-06    0.689771683149889141E+05    0.506605761291158530E+00    0.900901790388130230E+00    0.232351165207594601E+01
    0.184459674017414634E-06    0.689770250841705856E+05    0.510671304821768146E+00    0.901362801869134422E+00    0.232013692082221823E+01
    0.206099103643030331E-06    0.689767632316342497E+05    0.510122457769874416E+00    0.901081970705770896E+00    0.231959483283876322E+01
    0.208763569594441159E-06    0.689766975411804160E+05    0.506329828720375019E+00    0.901460410803418766E+00    0.232171229907802212E+01
    0.267913284429991904E-06    0.689761586191865645E+05    0.509629705956761825E+00    0.900767807675014298E+00    0.232129394390838772E+01
    0.269816345302527127E-06    0.689761044628618110E+05    0.507597120536322777E+00    0.900661309316768688E+00    0.232356464241622396E+01
    0.386206348579436395E-06    0.689753472022948699E+05    0.507875731111100848E+00    0.900513344576314823E+00    0.232432539512640579E+01
    0.436456515899666452E-06    0.689750625684109837E+05    0.508459922292542998E+00    0.901268732767343095E+00    0.232288732607366288E+01
    0.431939346036520618E-06    0.689750433755603590E+05    0.506827342627161670E+00    0.900688486000548405E+00    0.232550562777216596E+01
    0.533311738989959017E-06    0.689745817336530599E+05    0.507147277919999695E+00    0.900768772190986278E+00    0.232364776094969816E+01
    0.573994046102637979E-06    0.689743947078644997E+05    0.507128100775837254E+00    0.900650870773742729E+00    0.232518765532729654E+01
    0.813394499137374101E-06    0.689736575134504528E+05    0.506594973755742473E+00    0.901156274848978978E+00    0.232498310041605771E+01
    0.104842731520275732E-05    0.689731098528611619E+05    0.507231704655703552E+00    0.901253858428524124E+00    0.232414392331770525E+01
    0.117314542914509080E-05    0.689728450582687801E+05    0.508213236798138013E+00    0.900807597649703307E+00    0.232254537521288906E+01
    0.163264993166741475E-05    0.689721440265143756E+05    0.506706202667547956E+00    0.900690917064782659E+00    0.232523317686469255E+01
    0.167777800924725613E-05    0.689720494947448897E+05    0.508781573124592157E+00    0.901103136275235195E+00    0.232085187452573249E+01
    0.194460113858397509E-05    0.689717143215819815E+05    0.511386135985222978E+00    0.901642627103793726E+00    0.231699350348725952E+01
    0.221513499492302988E-05    0.689714138086589228E+05    0.507153829512425602E+00    0.901054308110505797E+00    0.232261364707479112E+01
    0.254055873500184378E-05    0.689710996672912879E+05    0.505194136752859180E+00    0.900864977861169480E+00    0.232600744396980241E+01
    0.276869480610571634E-05    0.689708876833137329E+05    0.505125949770192761E+00    0.900903073785382813E+00    0.232627772555504198E+01
    0.323063560283684844E-05    0.689705390775559063E+05    0.506047247054464577E+00    0.901358067270728869E+00    0.232501168991530927E+01
    0.358171477391133128E-05    0.689702927520080702E+05    0.508588066359118685E+00    0.900780217083112067E+00    0.232268688371701382E+01
    0.439420686160837253E-05    0.689698438612516766E+05    0.504498501064119864E+00    0.901030717080836485E+00    0.232653037368861337E+01
    0.467726931642769591E-05    0.689696790064333036E+05    0.509540191988875790E+00    0.901531705408530559E+00    0.232087661553150415E+01
    0.463876039610451907E-05    0.689696555410047149E+05    0.504127599359875944E+00    0.901278710794447324E+00    0.232671797760223509E+01
    0.466054042092619768E-05    0.689696061725306499E+05    0.507275733490795133E+00    0.900760894007247348E+00    0.232437505516198106E+01
    0.526557724068225249E-05    0.689693220537999150E+05    0.503671098442730170E+00    0.901180084713342766E+00    0.232679907904090344E+01
    0.594619383564015415E-05    0.689690389327070297E+05    0.506703275689249111E+00    0.901226666099364082E+00    0.232454204974051359E+01
    0.640509937813905142E-05    0.689688502464518970E+05    0.510466177343690930E+00    0.901247339153576799E+00    0.231933376404658320E+01
    0.653668958876034458E-05    0.689687695736373280E+05    0.505835180817921781E+00    0.900915345296424031E+00    0.232560148893349883E+01
    0.656877919287946712E-05    0.689687197793541127E+05    0.507701138144547315E+00    0.900864062528268117E+00    0.232395208301174616E+01
    0.696132860979181367E-05    0.689685636946571030E+05    0.507644124739128344E+00    0.900863372510117388E+00    0.232399275132445871E+01
    0.710362662516727924E-05    0.689684832244619611E+05    0.508762062319396691E+00    0.901061073243138111E+00    0.232256104273318353E+01
    0.100522266021763012E-04    0.689677488470289391E+05    0.509578623313851509E+00    0.901144271779979911E+00    0.232134875351317271E+01
    0.125016583536683083E-04    0.689672727127461840E+05    0.510017288096356936E+00    0.901163415172187454E+00    0.232055822919500310E+01
    0.132346509965750221E-04    0.689671187584225845E+05    0.509438220090256522E+00    0.901120531961112747E+00    0.232063083324304875E+01
    0.134451684804004810E-04    0.689670471957123373E+05    0.509828291011276136E+00    0.901303128041734736E+00    0.232075276742029812E+01
    0.154748202645020748E-04    0.689667260069459153E+05    0.508168394438140325E+00    0.901238641589217626E+00    0.232115137733402044E+01
    0.164644662956840586E-04    0.689665620263521268E+05    0.505350736577280912E+00    0.901151886634926624E+00    0.232570599351818741E+01
    0.167005523203434249E-04    0.689664935517698905E+05    0.507075155132659106E+00    0.901039146642530375E+00    0.232427662150154601E+01
    0.177679076182784105E-04    0.689663296475792886E+05    0.508347374227923865E+00    0.901211430483363607E+00    0.232112818276561761E+01
    0.210241972357068427E-04    0.689659530873063632E+05    0.508629470500691738E+00    0.901544211642836713E+00    0.232176034694230005E+01
    0.218228404022243082E-04    0.689658385210614069E+05    0.507745678023091784E+00    0.900919211268544684E+00    0.232328811639589317E+01
    0.230685857788889301E-04    0.689656874918157846E+05    0.508481692172980004E+00    0.901006038451504621E+00    0.232264475604397447E+01
    0.250043583115324050E-04    0.689654863350695086E+05    0.504207604575102053E+00    0.901215317999993326E+00    0.232604822829779323E+01
    0.321214364901279499E-04    0.689649453881324152E+05    0.510691610163199528E+00    0.901892893293219311E+00    0.231684803255296323E+01
    0.331853116130969474E-04    0.689648402206403262E+05    0.510108852243863709E+00    0.901590971436548982E+00    0.231836111206507134E+01
    0.326864021091751318E-04    0.689648305170462263E+05    0.508384675123931373E+00    0.901301833123108742E+00    0.232081719073770643E+01
    0.402726874944001371E-04    0.689643730883347453E+05    0.510726329461324013E+00    0.901565851217319802E+00    0.231867004667980980E+01
    0.421797729003580443E-04    0.689642405537718296E+05    0.510890762612184801E+00    0.901695356114244340E+00    0.231828937891593778E+01
    0.421684190229258679E-04    0.689642010922008049E+05    0.506856317426084502E+00    0.901462608506590435E+00    0.232165130927228436E+01
    0.417574126130174769E-04    0.689641806813874719E+05    0.504590877178465291E+00    0.901201859754563461E+00    0.232571007869125834E+01
    0.446016673959970169E-04    0.689640088928660116E+05    0.508910628361842754E+00    0.901316307470708122E+00    0.232170525718104592E+01
    0.438823327369190834E-04    0.689640014117623214E+05    0.507593079186058560E+00    0.901649423477945411E+00    0.232023911672825944E+01
    0.498612510290055548E-04    0.689637059470165550E+05    0.508425574521496060E+00    0.901105358094267950E+00    0.232180085668116165E+01
    0.492093974429912810E-04    0.689636922661333956E+05    0.509210015252790527E+00    0.901205476874568756E+00    0.232075198237957503E+01
    0.482442006835167008E-04    0.689636918840988365E+05    0.505209475237505146E+00    0.901206018435011802E+00    0.232551375366398805E+01
    0.544096437715036691E-04    0.689634113525270659E+05    0.506278318190698684E+00    0.901096727519175689E+00    0.232397482618148477E+01
    0.554754241352480002E-04    0.689633325551251619E+05    0.509791144826737153E+00    0.901310876246255388E+00    0.232030181745770214E+01
    0.586502920507220689E-04    0.689631812502445100E+05    0.505701154285578269E+00    0.901180338749766219E+00    0.232510651693392623E+01
    0.576210734460652114E-04    0.689631766586353187E+05    0.509435623460900544E+00    0.901272054405369949E+00    0.232092660769049131E+01
    0.636213386375563707E-04    0.689629385374992999E+05    0.507644444245192616E+00    0.901098552029352629E+00    0.232328958022681498E+01
    0.629142101042052209E-04    0.689629208912457834E+05    0.507989936969737599E+00    0.901062469604750338E+00    0.232278264567712078E+01
    0.680613415851644756E-04    0.689627236165924260E+05    0.509449277159998104E+00    0.901980477733087316E+00    0.231749966580675171E+01
    0.719028064775350937E-04    0.689625738047597260E+05    0.507666388347868036E+00    0.901104332343871439E+00    0.232258153171002224E+01
    0.826813644323569759E-04    0.689622544468792912E+05    0.510458639740921427E+00    0.901784817490588586E+00    0.231873112889388899E+01
    0.881016882345835294E-04    0.689620874519628560E+05    0.508602203626111304E+00    0.901170648519818318E+00    0.232197057855330558E+01
    0.133729705038028359E-03    0.689612127940813225E+05    0.511056294971044878E+00    0.901923568045656210E+00    0.231720232866763176E+01
    0.192749546379509406E-03    0.689604416520357336E+05    0.508842587736975105E+00    0.901734714961037631E+00    0.231898604853921952E+01
    0.195893885905635027E-03    0.689603692891254177E+05    0.508337744193285701E+00    0.901472856836971870E+00    0.232191762030457305E+01
    0.194666154177412505E-03    0.689603418632307730E+05    0.510253576061391101E+00    0.901936044854920960E+00    0.231723536969866739E+01
    0.220094755830835037E-03    0.689600563190298999E+05    0.507269187385766429E+00    0.901466297401498751E+00    0.232145101390467090E+01
    0.225003460393380361E-03    0.689599722037905594E+05    0.511035030193092155E+00    0.902011113681535859E+00    0.231705928293053054E+01
    0.250137440428197758E-03    0.689597204142967676E+05    0.507426544284667713E+00    0.901182345930767958E+00    0.232298996070482699E+01
    0.250856574108587586E-03    0.689596746726379497E+05    0.508941055115702312E+00    0.901318840979882463E+00    0.232099050901958215E+01
    0.245946113788819546E-03    0.689596742104291916E+05    0.509425176761986620E+00    0.901621950647329418E+00    0.231905140755069139E+01
    0.290097221614245575E-03    0.689593040031262935E+05    0.509034878031584981E+00    0.901621287884876055E+00    0.232076267369026779E+01
    0.288974377667510331E-03    0.689592717593026027E+05    0.507918402303307204E+00    0.901425380683063215E+00    0.232239101621896493E+01
    0.304790117827946714E-03    0.689591251885508536E+05    0.510179157699061747E+00    0.902026990219707336E+00    0.231701081399268727E+01
    0.314558689393659014E-03    0.689590220940128347E+05    0.506977653807021866E+00    0.901418088250529603E+00    0.232200987500449330E+01
    0.317970483581322982E-03    0.689589605182347004E+05    0.509715745675606513E+00    0.901551474156191857E+00    0.231976978258271771E+01
    0.335605530450449295E-03    0.689588125624462846E+05    0.507318078265505790E+00    0.901718997038051695E+00    0.232046910511635307E+01
    0.400125841001662769E-03    0.689584208771535195E+05    0.509775579954286684E+00    0.901618844001854769E+00    0.231958650612445050E+01
    0.421968047218519184E-03    0.689582745761664264E+05    0.505588003527224217E+00    0.901567912874340904E+00    0.232287608510630728E+01
    0.423156805124335093E-03    0.689582289497376914E+05    0.510236038813394188E+00    0.901780482054247434E+00    0.231815308089428740E+01
    0.436240440803909010E-03    0.689581280482316215E+05    0.506513544050191555E+00    0.901639465554244235E+00    0.232160238822332321E+01
    0.429514672037394410E-03    0.689581191235506267E+05    0.508179412914772755E+00    0.901336925173785497E+00    0.232200817260875736E+01
    0.424458406047004242E-03    0.689581028073186753E+05    0.507043003985712559E+00    0.901422330003242900E+00    0.232199550121235232E+01
    0.417339067733202697E-03    0.689580966373468400E+05    0.508006842724581631E+00    0.901443885825176205E+00    0.232101556890782534E+01
    0.414443526103486367E-03    0.689580705619148648E+05    0.508090738151629751E+00    0.901537494653269933E+00    0.232053437157104758E+01
    0.421238694132610814E-03    0.689579980360688787E+05    0.505281054253215345E+00    0.901628479460688914E+00    0.232297802565554390E+01
    0.430037672902856241E-03    0.689579166897212854E+05    0.505643801310808882E+00    0.901326668487035243E+00    0.232414350387280644E+01
    0.479535760260544307E-03    0.689576587984142388E+05    0.509613657275929555E+00    0.902070336802506145E+00    0.231730125600784875E+01
    0.501973579817307516E-03    0.689575273403768661E+05    0.508549257098209750E+00    0.901759639915854394E+00    0.231928849672015058E+01
    0.504673164306780934E-03    0.689574766133130615E+05    0.505535935987488472E+00    0.901503555982349103E+00    0.232328238153687749E+01
    0.518479696719403057E-03    0.689573826336154307E+05    0.506179269716858116E+00    0.901703268560680282E+00    0.232172902222033128E+01
    0.536567330764480205E-03    0.689572740512453456E+05    0.510488175605141592E+00    0.901942212155922296E+00    0.231790293404329262E+01
    0.534570694573973369E-03    0.689572415073843440E+05    0.508797714510279775E+00    0.901520886762575802E+00    0.232101757045263168E+01
    0.569334113573634554E-03    0.689570755004415405E+05    0.508975537592347038E+00    0.901606890098587965E+00    0.231963455969360588E+01
    0.564313905823885832E-03    0.689570532140192227E+05    0.507595046756335933E+00    0.901405806685406819E+00    0.232257993342218771E+01
    0.602456850436275783E-03    0.689568824032632547E+05    0.510263079564214905E+00    0.902081871624949239E+00    0.231691717555073362E+01
    0.626624440567938464E-03    0.689567637405881542E+05    0.507530223569608196E+00    0.901417900191903598E+00    0.232261596085777011E+01
    0.634440654004986672E-03    0.689566989478520409E+05    0.509046395191056433E+00    0.901501117845799449E+00    0.232026941565790112E+01
    0.648266070933461785E-03    0.689566158329230384E+05    0.505159727242737944E+00    0.901602773521169576E+00    0.232332294809360373E+01
    0.655673086928220978E-03    0.689565531107105198E+05    0.507203895628563828E+00    0.901461456919024795E+00    0.232292073437663316E+01
    0.664989877065376650E-03    0.689564848917176278E+05    0.508288679858875270E+00    0.901507227358141705E+00    0.232064168981459451E+01
    0.660798610764651729E-03    0.689564575371140818E+05    0.506666835954312944E+00    0.901567182111223775E+00    0.232184540135973094E+01
    0.670305012025486239E-03    0.689563889696525439E+05    0.508898369737107004E+00    0.901953630823103314E+00    0.231833279894851030E+01
    0.703495210973896826E-03    0.689562523132155766E+05    0.510195538854079089E+00    0.901889510027303332E+00    0.231789211498554160E+01
    0.754353979355147251E-03    0.689560727119008225E+05    0.509120894438854776E+00    0.901543609251852729E+00    0.232021741857412245E+01
    0.760428050673569241E-03    0.689560166723551811E+05    0.509393329761964608E+00    0.901883037062899295E+00    0.231827139180365016E+01
    0.820391542048695167E-03    0.689558248719205876E+05    0.508538725187179352E+00    0.901533510644222380E+00    0.232120036922343687E+01
    0.817094567698044912E-03    0.689557929256775824E+05    0.506964640401250222E+00    0.901757389627213746E+00    0.232080906652223184E+01
    0.876889317024528753E-03    0.689556116737976845E+05    0.506768361327932126E+00    0.901667247313546638E+00    0.232137452861234506E+01
    0.899976879696327858E-03    0.689555196972062549E+05    0.509116405851395726E+00    0.901684903323126119E+00    0.231934377619824117E+01
    0.968552890767855330E-03    0.689553328291690414E+05    0.506658459521890592E+00    0.901369839081835766E+00    0.232314624557741078E+01
    0.103177026000084420E-02    0.689551663727438281E+05    0.506097046995479971E+00    0.901694369027651765E+00    0.232197331525756789E+01
    0.103305932457257998E-02    0.689551238755600352E+05    0.508503271771839849E+00    0.901852810405056715E+00    0.231910246284610277E+01
    0.109334284669847844E-02    0.689549704451259458E+05    0.508759381317055670E+00    0.901534991783453643E+00    0.232065048921991801E+01
    0.113271302731324892E-02    0.689548596934672678E+05    0.507734129752826391E+00    0.901610589987909550E+00    0.232076198756017771E+01
    0.111170279012036887E-02    0.689548571390257566E+05    0.505960041181026554E+00    0.901497936801381794E+00    0.232306200753429826E+01
    0.119107730407682559E-02    0.689546792084055633E+05    0.509409675653756722E+00    0.901697315817725054E+00    0.231935106086694898E+01
    0.119765784555794720E-02    0.689546281890874379E+05    0.510149330622722275E+00    0.901954958591688172E+00    0.231814679138306134E+01
    0.126133296096712076E-02    0.689544845866612159E+05    0.509573424353204629E+00    0.902031855178788033E+00    0.231767273649025984E+01
    0.129614719667239266E-02    0.689543901324574981E+05    0.509360539030188519E+00    0.901715826959163413E+00    0.231965812648316438E+01
    0.135046158750578779E-02    0.689542680318944622E+05    0.508739790741145725E+00    0.901726575779804418E+00    0.231950903259974739E+01
    0.132889218634197259E-02    0.689542602334907278E+05    0.510156639899344455E+00    0.902020301536692104E+00    0.231751522794845632E+01
    0.144260470088969795E-02    0.689540560241964122E+05    0.505545301248398360E+00    0.901526462443758114E+00    0.232349914279815151E+01
    0.142350779068246901E-02    0.689540426765945595E+05    0.506054414396770014E+00    0.901451415072297202E+00    0.232366003196184678E+01
    0.145861833686487656E-02    0.689539539455097402E+05    0.507282056995590480E+00    0.901439554894441164E+00    0.232242886442601604E+01
    0.147374409143478111E-02    0.689538933124685136E+05    0.508109075670788002E+00    0.901551368529596830E+00    0.232152121502147413E+01
    0.147360005891134394E-02    0.689538535079428257E+05    0.508024813325461011E+00    0.901614270226412939E+00    0.232059163425195969E+01
    0.152732342830731011E-02    0.689537418911754939E+05    0.509005554006842331E+00    0.901757017011483697E+00    0.232015078529770369E+01
    0.170020032358655536E-02    0.689534874326327699E+05    0.507216421314794275E+00    0.901527033454111226E+00    0.232175863829478368E+01
    0.187607114337976942E-02    0.689532505652502732E+05    0.506174424145555690E+00    0.901527255252086435E+00    0.232284711035814118E+01
    0.184260731008417948E-02    0.689532465616259142E+05    0.505994110703358757E+00    0.901483282533002805E+00    0.232357019637202056E+01
    0.185138229833810286E-02    0.689531970596990723E+05    0.507379183145534540E+00    0.901858976496968778E+00    0.232015754709759481E+01
    0.185872899075941963E-02    0.689531491389641305E+05    0.508229721688095992E+00    0.901606785010183986E+00    0.232125274416209715E+01
    0.191776517570499795E-02    0.689530466037215956E+05    0.507695726117576740E+00    0.901757285736445535E+00    0.232029578951229976E+01
    0.192174467625890561E-02    0.689530024578778539E+05    0.507518770826484555E+00    0.901761035635005315E+00    0.232043954457499835E+01
    0.194684295823650128E-02    0.689529365066661994E+05    0.507550127457641054E+00    0.901509124445600607E+00    0.232204068507321537E+01
    0.191700012856151568E-02    0.689529274017335702E+05    0.509478477525650675E+00    0.901816185635684331E+00    0.231915101112103583E+01
    0.205971030073139137E-02    0.689527437941114185E+05    0.506683562912012775E+00    0.901482039242880839E+00    0.232281635151829802E+01
    0.211728031756813371E-02    0.689526486600037606E+05    0.507753497577439816E+00    0.901561886978785809E+00    0.232179866901542198E+01
    0.207585660169382156E-02    0.689526481770186365E+05    0.506972959755922048E+00    0.901492047648926764E+00    0.232239733852168984E+01
    0.209901460580376453E-02    0.689525859887972765E+05    0.509261491594230620E+00    0.901771059884569626E+00    0.231940014290011964E+01
    0.216341196941939769E-02    0.689524855516140524E+05    0.508945622035332335E+00    0.901748214920957802E+00    0.232007765418736600E+01
    0.215723814769394357E-02    0.689524512672593846E+05    0.508355130684163825E+00    0.901669644231564038E+00    0.232023539045683691E+01
    0.214345110332343682E-02    0.689524240904054459E+05    0.509139370407725167E+00    0.901828687152561703E+00    0.231899379629176972E+01
    0.215219829176508271E-02    0.689523759452336817E+05    0.509286619974760768E+00    0.901963816505114813E+00    0.231829362864763056E+01
    0.215396312282313887E-02    0.689523343058792962E+05    0.506911787608196107E+00    0.901504159798634963E+00    0.232243837460151559E+01
    0.217504560782149975E-02    0.689522748255289480E+05    0.506913088782717125E+00    0.901744259905483680E+00    0.232112180552954728E+01
    0.241980966575860990E-02    0.689520215470226976E+05    0.507360101995706358E+00    0.901771320591786330E+00    0.232060581767373897E+01
    0.267514110570411280E-02    0.689517809205383091E+05    0.508004566122203016E+00    0.901612121281763046E+00    0.232090577929798325E+01
    0.271892615657201011E-02    0.689517084507818654E+05    0.507694862112908041E+00    0.901640152201288236E+00    0.232095711438394137E+01
    0.280960371342693074E-02    0.689516028379035270E+05    0.508919528354772055E+00    0.901746917628731826E+00    0.231975596274789631E+01
    0.276336848369867312E-02    0.689515960239944689E+05    0.508065915164952031E+00    0.901667466331135148E+00    0.232055101636500849E+01
    0.279718224370413202E-02    0.689515316996579350E+05    0.508674592779739143E+00    0.901833062990488044E+00    0.231932649211353548E+01
    0.297105822854101635E-02    0.689513710884052998E+05    0.507885359265589642E+00    0.901603334745092466E+00    0.232115263495351076E+01
    0.293435608861560351E-02    0.689513559487185848E+05    0.506991700976941573E+00    0.901759310213647192E+00    0.232104659297224103E+01
    0.288346357197720492E-02    0.689513509403943608E+05    0.507618318601208429E+00    0.901684768061617459E+00    0.232082929703324492E+01
    0.285150938197850212E-02    0.689513332278722228E+05    0.509236320096050576E+00    0.901932428228221061E+00    0.231857217859018494E+01
    0.287071946981439733E-02    0.689512797994264110E+05    0.507417453617584613E+00    0.901851977860836040E+00    0.232026549788679581E+01
    0.298001349331043124E-02    0.689511650691388932E+05    0.506599295768175750E+00    0.901886382553312549E+00    0.232090363602744665E+01
    0.321146274191168703E-02    0.689509754717634496E+05    0.508807302931099770E+00    0.901784754921601928E+00    0.232005481192550622E+01
    0.340832024714763596E-02    0.689508164856482472E+05    0.508743023740418465E+00    0.901946532799950518E+00    0.231884067212842337E+01
    0.407664963389511859E-02    0.689504183738300053E+05    0.508508896823656187E+00    0.901742103413358143E+00    0.232008920763947213E+01
    0.416762200569365145E-02    0.689503342335743655E+05    0.508150915452246110E+00    0.901896477025106114E+00    0.231952551733809509E+01
    0.414181945666459300E-02    0.689503066544486646E+05    0.509143768870309543E+00    0.901910504284806791E+00    0.231887255869676956E+01
    0.418820271807306566E-02    0.689502443814031285E+05    0.507529544155287837E+00    0.901833397970046358E+00    0.232031708051743291E+01
    0.437195993861726976E-02    0.689501185019816185E+05    0.508732740561173458E+00    0.901945845323124162E+00    0.231891206461281207E+01
    0.430973899787111345E-02    0.689501071701059409E+05    0.506926073166201974E+00    0.901784461484941069E+00    0.232109199216142414E+01
    0.429161682988055387E-02    0.689500755977051012E+05    0.507662223202132168E+00    0.901734943880647122E+00    0.232067949100631221E+01
    0.431338625881994703E-02    0.689500254782547563E+05    0.508688501510450308E+00    0.901802399313609504E+00    0.232008086199521513E+01
    0.425451525803053482E-02    0.689500129631305608E+05    0.507262410426660537E+00    0.901883727547115654E+00    0.232035679712902487E+01
    0.420389120391029616E-02    0.689499969036488328E+05    0.509001554932751787E+00    0.901940319605131879E+00    0.231880198676522564E+01
    0.457833420895526963E-02    0.689497862543515512E+05    0.506569555839861962E+00    0.901811342951087225E+00    0.232134169515068889E+01
    0.478458602744679089E-02    0.689496581257827784E+05    0.508157203456228501E+00    0.901809535058991640E+00    0.231998234365251355E+01
    0.471391160613118202E-02    0.689496478886898403E+05    0.508146625251129080E+00    0.902013726785625303E+00    0.231909127573837681E+01
    0.531281687468822868E-02    0.689493686804368772E+05    0.507526863714398146E+00    0.901866232674781498E+00    0.232024326865106190E+01
    0.523067158848055519E-02    0.689493598454345629E+05    0.508538239442358986E+00    0.901918098905356569E+00    0.231923699038252895E+01
    0.525825569554787438E-02    0.689493093260859459E+05    0.508883598075037469E+00    0.902005159281919600E+00    0.231863121755834545E+01
    0.515533939011158203E-02    0.689493088588910759E+05    0.508039443493151666E+00    0.901910420250489508E+00    0.231963344742852362E+01
    0.517870725671997195E-02    0.689492598138742469E+05    0.507303228558583896E+00    0.901836975119027495E+00    0.232057715750160698E+01
    0.511713924576516228E-02    0.689492437337121519E+05    0.509059084520558258E+00    0.901917115314673223E+00    0.231909556345224299E+01
    0.506386917940575710E-02    0.689492246630937007E+05    0.508037793223618195E+00    0.901737554608330716E+00    0.232091171930296136E+01
    0.553104199488190819E-02    0.689490081723485782E+05    0.507336591603982257E+00    0.901947285894985740E+00    0.232009180591216335E+01
    0.563583946159904731E-02    0.689489306325774669E+05    0.509045545361132667E+00    0.901925738173969815E+00    0.231919512874731160E+01
    0.578367483947137950E-02    0.689488388462637522E+05    0.507278174576322627E+00    0.901910526343779884E+00    0.232031017620709878E+01
    0.567152849672699667E-02    0.689488380074807210E+05    0.507191265530021695E+00    0.901668830766211182E+00    0.232177239696161175E+01
    0.558348033721560878E-02    0.689488293001991988E+05    0.507935491921529092E+00    0.901811823543210433E+00    0.232022343112614760E+01
    0.547551312401519351E-02    0.689488283528106404E+05    0.507396833259637248E+00    0.901729370978611389E+00    0.232172035496696738E+01
    0.538031599845669329E-02    0.689488234305793740E+05    0.508912221830996714E+00    0.901985450388397281E+00    0.231876497832228567E+01
    0.548607527420643792E-02    0.689487444985686889E+05    0.507647721966680621E+00    0.901735807334189232E+00    0.232138607142168230E+01
    0.540968924167684658E-02    0.689487325414963270E+05    0.508177994766503716E+00    0.901765980331006411E+00    0.232054683914380266E+01
    0.560708074864117289E-02    0.689486208643589489E+05    0.506962394646050640E+00    0.901874192868634905E+00    0.232077257985186058E+01
    0.561036785819216122E-02    0.689485796922173176E+05    0.507077473283896296E+00    0.902003232824779677E+00    0.232012561223434766E+01
    0.560113745237833961E-02    0.689485429854085960E+05    0.508474425053490720E+00    0.901823691952747808E+00    0.232001878001088535E+01
    0.552956677842303922E-02    0.689485287058513932E+05    0.506667112295051680E+00    0.901937513888613873E+00    0.232078776550443688E+01
    0.568241449179761240E-02    0.689484341723378311E+05    0.508579952078154207E+00    0.901874871714290927E+00    0.231958150919095507E+01
    0.561575342247291019E-02    0.689484177732768148E+05    0.508549887360679520E+00    0.901880332875832025E+00    0.231955640230092541E+01
    0.553478193829861839E-02    0.689484068204587966E+05    0.509009443140175932E+00    0.902039091554884820E+00    0.231850709714439240E+01
    0.559718118175769799E-02    0.689483443985745980E+05    0.508714930545952626E+00    0.901922820920742385E+00    0.231925579945735194E+01
    0.558044825723441346E-02    0.689483103865838057E+05    0.508507344426266883E+00    0.901863343672135165E+00    0.231970581905905826E+01
    0.564568830343779252E-02    0.689482471405524411E+05    0.506880176952140715E+00    0.901988878573525055E+00    0.232038859155907762E+01
    0.557688384123112071E-02    0.689482316644578095E+05    0.508469020945788941E+00    0.902011858908316921E+00    0.231896442990052165E+01
    0.563832422244350904E-02    0.689481697510004597E+05    0.508904996139422749E+00    0.902009485879681105E+00    0.231873198379028445E+01
    0.557890723294604887E-02    0.689481509389541752E+05    0.508917422850059253E+00    0.901980274386218417E+00    0.231889305153544578E+01
    0.562971034873359973E-02    0.689480928088098153E+05    0.507483278810635596E+00    0.901722122546831040E+00    0.232134073039733035E+01
    0.554054794524219425E-02    0.689480847379899205E+05    0.507419205572013254E+00    0.901791779223021339E+00    0.232081357085965845E+01
    0.556943942421582634E-02    0.689480343359820108E+05    0.508272672790646141E+00    0.901831708517441988E+00    0.232040233672048934E+01
    0.552696380868470966E-02    0.689480096475463506E+05    0.508725297477708338E+00    0.902082448972183037E+00    0.231850593321736120E+01
    0.556081831121611574E-02    0.689479574342443957E+05    0.508161679244047093E+00    0.902033888292564701E+00    0.231911552649097263E+01
    0.549199177227323310E-02    0.689479423428162700E+05    0.509075381110722702E+00    0.902009110358604205E+00    0.231874759622446991E+01
    0.549058683099710228E-02    0.689479028545144247E+05    0.507849109208489580E+00    0.901946754270795847E+00    0.231973950732255529E+01
    0.556648091003815026E-02    0.689478353986743314E+05    0.508131871836337012E+00    0.901991876337462806E+00    0.231932810718494897E+01
    0.581600902072128365E-02    0.689477076962133287E+05    0.506944826664701864E+00    0.901986758007112588E+00    0.232037107285123456E+01
    0.585920878101755995E-02    0.689476528956474795E+05    0.508275625323346247E+00    0.901849218130618246E+00    0.232002519257857376E+01
    0.585910659489237776E-02    0.689476129305283102E+05    0.507664707318527419E+00    0.901793311656515328E+00    0.232069750070825132E+01
    0.575820888386964491E-02    0.689476076718584372E+05    0.508851009446502189E+00    0.901994197070158821E+00    0.231892373417320075E+01
    0.575899279810583847E-02    0.689475673995998659E+05    0.509007531590238926E+00    0.902160999693039978E+00    0.231803504782270009E+01
    0.670436598820212115E-02    0.689472234068874241E+05    0.508716377708539724E+00    0.902150086873730328E+00    0.231828879713435576E+01
    0.658065827482288892E-02    0.689472206552316202E+05    0.508146942283417502E+00    0.901839751234782994E+00    0.232031424081509074E+01
    0.650683445192896080E-02    0.689472032186385186E+05    0.509151210619393169E+00    0.902056412786090389E+00    0.231869743432591324E+01
    0.696107361470836312E-02    0.689470282573609438E+05    0.507396676269792124E+00    0.901954855377837594E+00    0.232015015522702273E+01
    0.682947067293842094E-02    0.689470264304552693E+05    0.507928311982572822E+00    0.901821548129901673E+00    0.232066755508474420E+01
    0.672026712787054600E-02    0.689470186689859838E+05    0.508410493251938433E+00    0.901988395917742714E+00    0.231923484201825758E+01
    0.664104622464309780E-02    0.689470023857657652E+05    0.507414514983519638E+00    0.901775056431553201E+00    0.232135863751180826E+01
    0.657602356071424095E-02    0.689469820643146522E+05    0.508913857169986272E+00    0.902027920737962119E+00    0.231883268086664751E+01
    0.652177911017336014E-02    0.689469586303790711E+05    0.508149217796878716E+00    0.901853671084669073E+00    0.232028153579178964E+01
    0.647180078100597495E-02    0.689469340160006104E+05    0.507416195953503291E+00    0.901800580648597583E+00    0.232094541343414162E+01
    0.649304898185614800E-02    0.689468874603612348E+05    0.508312127452120066E+00    0.902108137193750492E+00    0.231877236369197703E+01
    0.637360624632923260E-02    0.689468845939175953E+05    0.506983669046709551E+00    0.901803503363486914E+00    0.232127725638603977E+01
    0.647627168707134819E-02    0.689468126348201185E+05    0.507284810718186208E+00    0.901795338040646155E+00    0.232110027025379795E+01
    0.642569913960911159E-02    0.689467883139150945E+05    0.508744799077039289E+00    0.901978260961837641E+00    0.231926785574768690E+01
    0.631530855401445795E-02    0.689467829715656117E+05    0.507901808908904684E+00    0.901848841467338569E+00    0.232035859000539180E+01
    0.620273014633371603E-02    0.689467789457132021E+05    0.507128370339023249E+00    0.901975404546595416E+00    0.232031581786542418E+01
    0.614245454327205093E-02    0.689467584759457677E+05    0.509192701660321489E+00    0.902100213236726067E+00    0.231845788526365792E+01
    0.602681671349139698E-02    0.689467564868695481E+05    0.508505119531569960E+00    0.901930973696933758E+00    0.231962146080185461E+01
    0.593495996550043921E-02    0.689467472042307345E+05    0.507223495014017089E+00    0.901774834001434322E+00    0.232134318931097816E+01
    0.586344663760356936E-02    0.689467314496076142E+05    0.508104198818413622E+00    0.901983185776623730E+00    0.231948960412250527E+01
    0.575532571328675555E-02    0.689467286735215312E+05    0.507878754947730826E+00    0.901846909881305447E+00    0.232039649932376202E+01
    0.568001076565340622E-02    0.689467150185396313E+05    0.508462913759151647E+00    0.902113004567322907E+00    0.231865886900491880E+01
    0.560050271879828677E-02    0.689467032120659715E+05    0.507447422555085126E+00    0.901870335936874268E+00    0.232054232653547299E+01
    0.554840001979833852E-02    0.689466819055928645E+05    0.507921447103887758E+00    0.901917075922793576E+00    0.231994951306455466E+01
    0.555361653450922067E-02    0.689466400261090603E+05    0.507316782010928335E+00    0.901850576202224530E+00    0.232076142883591752E+01
    0.545756168933778357E-02    0.689466349205698934E+05    0.508325321440306510E+00    0.902069561377717877E+00    0.231895021993328276E+01
    0.538347263185670871E-02    0.689466222575227148E+05    0.508782881590628122E+00    0.902063527514495256E+00    0.231871496922781617E+01
    0.530151396627225827E-02    0.689466129399282654E+05    0.509076545073925857E+00    0.902072253742400187E+00    0.231880191863097362E+01
    0.527343124957805210E-02    0.689465835623124440E+05    0.507431459010561525E+00    0.901804912291971128E+00    0.232098886117268943E+01
    0.523952979061326034E-02    0.689465564612764429E+05    0.508939220314193363E+00    0.902037492390428963E+00    0.231893061383190791E+01
    0.525137953627287726E-02    0.689465119431740168E+05    0.508430400927487369E+00    0.902168582182523160E+00    0.231846337714618977E+01
    0.521578925857406773E-02    0.689464855439539679E+05    0.507286090940151979E+00    0.901787644262507238E+00    0.232140894234641193E+01
    0.514621244556549926E-02    0.689464724028025375E+05    0.509148370019737229E+00    0.902112823878229442E+00    0.231840758487256426E+01
    0.512052616802281466E-02    0.689464424103938945E+05    0.508563015781822614E+00    0.902174889056781559E+00    0.231834985653965298E+01
    0.506359752429085940E-02    0.689464247703881119E+05    0.508180757772649372E+00    0.901937642433315867E+00    0.231971546457018274E+01
    0.509864869801375260E-02    0.689463709737089230E+05    0.508247896486880180E+00    0.901906252233349637E+00    0.231994022300595049E+01
    0.504470782814459527E-02    0.689463522453178739E+05    0.507086462031951513E+00    0.902013463026548168E+00    0.232022080965768973E+01
    0.498120042852277269E-02    0.689463375829720317E+05    0.508378116302278471E+00    0.901971841734077406E+00    0.231943622112294312E+01
    0.488835576398006892E-02    0.689463352127911057E+05    0.508017725275959009E+00    0.901869140493584021E+00    0.232044466294364771E+01
    0.485069806159558851E-02    0.689463106795461790E+05    0.508929066177927325E+00    0.902156839651517717E+00    0.231822505549425006E+01
    0.481225289086271470E-02    0.689462865940939373E+05    0.507646086573505073E+00    0.901834259861875598E+00    0.232098894318529414E+01
    0.476024550099199504E-02    0.689462683263103099E+05    0.508777509903987735E+00    0.902055386129817505E+00    0.231881886311793028E+01
    0.471807937685623461E-02    0.689462461211856134E+05    0.507161808593480146E+00    0.901816355349362109E+00    0.232115885564047986E+01
    0.464769824365467935E-02    0.689462361806044646E+05    0.508809014366358170E+00    0.902106319422226965E+00    0.231853579330425408E+01
    0.465535360718771600E-02    0.689461928890543786E+05    0.508524861513201643E+00    0.902088918472890633E+00    0.231877506123964050E+01
    0.462992170389073948E-02    0.689461638448811282E+05    0.509003363835988765E+00    0.902094881376645952E+00    0.231857679848917719E+01
    0.458049781183310269E-02    0.689461453094262979E+05    0.507292686973411122E+00    0.901817902892233070E+00    0.232108067376959681E+01
    0.459008759197390964E-02    0.689461011265816051E+05    0.507775363642256394E+00    0.901935100467797568E+00    0.232002935176349245E+01
    0.450188447946080639E-02    0.689460999326311576E+05    0.508695026718235965E+00    0.902007028349734896E+00    0.231922459961107652E+01
    0.454977269352980617E-02    0.689460387702473236E+05    0.507837085724126780E+00    0.901934318994274342E+00    0.231999807385762224E+01
    0.449107534443167738E-02    0.689460247404543770E+05    0.508002964403406310E+00    0.901943777549088832E+00    0.231984139681906720E+01
    0.443433883283577291E-02    0.689460101677453349E+05    0.508396527059645109E+00    0.902135170495374950E+00    0.231866850019976711E+01
    0.439684795542285515E-02    0.689459871489749494E+05    0.508579502882483325E+00    0.902071781506937009E+00    0.231885064075875880E+01
    0.432283849684180974E-02    0.689459811003039358E+05    0.508585785637869492E+00    0.902191844252146602E+00    0.231830055087234976E+01
    0.424222231369478838E-02    0.689459787502707768E+05    0.508271433526433114E+00    0.902056168645266720E+00    0.231910981626484114E+01
    0.417728135232805619E-02    0.689459696035142988E+05    0.508059756373810956E+00    0.901991855761755890E+00    0.231956052714188932E+01
    0.414255487640090118E-02    0.689459462993610214E+05    0.508186779341608386E+00    0.902019421412770805E+00    0.231934386710916884E+01
    0.409236828847841204E-02    0.689459306771035917E+05    0.507661565328936248E+00    0.901856790929932317E+00    0.232062066176237414E+01
    0.401710457290766366E-02    0.689459278020205675E+05    0.507723581800501478E+00    0.901851405037668252E+00    0.232072879961848422E+01
    0.476869538920375938E-02    0.689455846459359018E+05    0.507856855932988793E+00    0.901884718239403638E+00    0.232051705155997645E+01
    0.635409728411369650E-02    0.689450105917714245E+05    0.507640373285600077E+00    0.901890038713303865E+00    0.232065255795963665E+01
    0.490988343500434535E-02    0.689455262910618621E+05    0.507272394763173651E+00    0.901889871219073158E+00    0.232072861747994708E+01
    0.543169210048198309E-02    0.689453242900520272E+05    0.507428112506538298E+00    0.901860468076150945E+00    0.232087787158479264E+01
    0.479538778541030875E-02    0.689455734823083912E+05    0.507282653768594827E+00    0.901837221986852122E+00    0.232108909196463165E+01
    0.458954093001337146E-02    0.689456612314566155E+05    0.507610656355730328E+00    0.901880150121956548E+00    0.232052893871288823E+01
    0.412436251052709577E-02    0.689458749685343791E+05    0.507722601204660506E+00    0.901919623068188181E+00    0.232017841723974083E+01
    0.456850356952424441E-02    0.689456704200546810E+05    0.507428114355485960E+00    0.901850542030220192E+00    0.232085692465884108E+01
    0.430447305321670932E-02    0.689457894820103538E+05    0.507043652977037240E+00    0.901823690114795795E+00    0.232129715041341633E+01
    0.488983921605414418E-02    0.689455344726186740E+05    0.507404450542187746E+00    0.901841093630935342E+00    0.232105227853982665E+01
    0.479394968223878070E-02    0.689455740821843210E+05    0.507838137597286021E+00    0.901883983975620973E+00    0.232056954662907344E+01
    0.622035637414157343E-02    0.689450531370642857E+05    0.507061293196699125E+00    0.901972638498041768E+00    0.232053341482056030E+01
    0.627667504020387734E-02    0.689450351106881135E+05    0.507292830966438402E+00    0.902044705046942785E+00    0.232000251588352624E+01
    0.435347048109682548E-02    0.689457668447867327E+05    0.507408465193110558E+00    0.901964000378354891E+00    0.232020890233738886E+01
    0.508413668421153417E-02    0.689454565409879870E+05    0.507433608314691753E+00    0.901948705801704165E+00    0.232029456236864329E+01
    0.562868412409483175E-02    0.689452530400860705E+05    0.507438977138008340E+00    0.901964210155991486E+00    0.232023503692716382E+01
    0.707456585997694003E-02    0.689447957793060632E+05    0.507156613792185240E+00    0.902010071355505150E+00    0.232029752721861993E+01
    0.414533083393854151E-02    0.689458648262630886E+05    0.507261644606264994E+00    0.901959615858445529E+00    0.232034448337788479E+01
    0.655003227004979840E-02    0.689449498515115411E+05    0.507250071478342335E+00    0.902070384239821998E+00    0.231993389385382986E+01
    0.720032651630011806E-02    0.689447605387153017E+05    0.507504921671371179E+00    0.901980030773399943E+00    0.232015853344632861E+01
    0.472841284543981059E-02    0.689456016122731671E+05    0.507193116688839041E+00    0.901936556796444133E+00    0.232053923710568188E+01
    0.404259100716915232E-02    0.689459150198146381E+05    0.507335927825319999E+00    0.902041969177101000E+00    0.231990916940947089E+01
    0.518773871605407357E-02    0.689454161956601602E+05    0.507250974579418923E+00    0.901960026967853490E+00    0.232039424795928273E+01
    0.633524752917784609E-02    0.689450165336916980E+05    0.507411137955219971E+00    0.901992127358755447E+00    0.232014595769875154E+01
    0.683746315260463661E-02    0.689448639579068258E+05    0.507582248488876786E+00    0.902003600342832890E+00    0.231996970402758906E+01
    0.598781097935557720E-02    0.689451293396652909E+05    0.507121908702618640E+00    0.902034522771125280E+00    0.232018954323043802E+01
    0.532884656178282939E-02    0.689453625218445814E+05    0.508201996777511766E+00    0.901981424635713180E+00    0.231962581335971985E+01
    0.434565545893093701E-02    0.689457704382623633E+05    0.508258696321906456E+00    0.901959095261419597E+00    0.231967151486726975E+01
    0.696317215163368489E-02    0.689448275211854052E+05    0.508092338827781376E+00    0.902001604030464588E+00    0.231964615969275956E+01
    0.495231725334500592E-02    0.689455090802662016E+05    0.508191424068822784E+00    0.901971619407891834E+00    0.231966453782171333E+01
    0.426704354189614849E-02    0.689458069490472844E+05    0.508070883339238222E+00    0.901904441716938843E+00    0.232016592321340376E+01
    0.582581849886727125E-02    0.689451841924554465E+05    0.508103829562090326E+00    0.902013925758373802E+00    0.231951651782898249E+01
    0.463048185395753455E-02    0.689456434695946373E+05    0.508618773628619181E+00    0.902018353434566156E+00    0.231924597003717192E+01
    0.671056833856337361E-02    0.689449014241690020E+05    0.508336722150444231E+00    0.902085948082179456E+00    0.231904545961141206E+01
    0.504644669035463674E-02    0.689454714227243530E+05    0.508621486220288688E+00    0.902076430195892343E+00    0.231888017974405969E+01
    0.555917289927192453E-02    0.689452778927881154E+05    0.508931841967594778E+00    0.902161229901031092E+00    0.231834352753741602E+01
    0.499302435644193021E-02    0.689454927078450128E+05    0.509038992860070039E+00    0.902163704814995526E+00    0.231827514821199276E+01
    0.489483786325401165E-02    0.689455324291592551E+05    0.508993184890885075E+00    0.902134665905276245E+00    0.231845287536792632E+01
    0.433567392937732332E-02    0.689457750373432209E+05    0.508736711530513475E+00    0.902109185127162871E+00    0.231861378036545762E+01
    0.469324640413366651E-02    0.689456165423841740E+05    0.508981118779471942E+00    0.902239981023424953E+00    0.231789089604965959E+01
    0.496466301507184245E-02    0.689455041006180545E+05    0.508758098868387520E+00    0.902063572432270200E+00    0.231894430758135917E+01
    0.698787142746199342E-02    0.689448204394781496E+05    0.508490249072043099E+00    0.902085130431323545E+00    0.231898515494223645E+01
    0.410096426243175029E-02    0.689458863472002267E+05    0.508213304493636997E+00    0.902037384049657609E+00    0.231924637099089770E+01
    0.556168992429906597E-02    0.689452769874536607E+05    0.508711233603539981E+00    0.902066621256522261E+00    0.231897550777494033E+01
    0.560107337298676976E-02    0.689452628749580181E+05    0.508556343407489564E+00    0.902090598459969417E+00    0.231886103164573099E+01
    0.534115667770425264E-02    0.689453579069926054E+05    0.508649105119605593E+00    0.902121334482052784E+00    0.231864664906831042E+01
    0.452997404148736994E-02    0.689456873590460164E+05    0.508544516793804746E+00    0.902022111569775520E+00    0.231919293404648741E+01
    0.588177243290533783E-02    0.689451650751629495E+05    0.508575180813561900E+00    0.902051872842404734E+00    0.231910413805026838E+01
    0.499174181135120243E-02    0.689454932216457673E+05    0.508604420376892463E+00    0.902027282215881909E+00    0.231920930140744019E+01
    0.676176864829235776E-02    0.689448862224838667E+05    0.508740345706231167E+00    0.902123073474317416E+00    0.231867600394836026E+01
